4720 2
0.816843 1.607357
0.869018 1.567790
0.922970 1.462907
0.762081 1.633582
0.808440 1.628184
0.951918 1.368907
0.892108 1.548222
0.684611 1.651221
0.962154 1.410685
0.769818 1.663290
0.862886 1.614051
0.945883 1.255921
0.917034 1.553356
0.979688 1.337859
0.686160 1.684035
0.994372 1.377567
0.840623 1.687664
0.610124 1.651250
0.921065 1.646825
1.008726 1.499173
1.030142 1.277705
0.969450 1.255343
0.622992 1.680083
1.074551 1.372630
0.992930 1.578040
0.643888 1.759895
0.969755 1.702778
1.079121 1.462449
0.910863 1.191936
0.822551 1.784675
0.698567 1.838222
1.092124 1.574067
1.091374 1.217779
0.639630 1.705681
1.041464 1.712359
1.158848 1.498563
1.142830 1.343525
0.969836 1.767882
1.003085 1.114916
1.121011 1.641156
0.796670 1.917811
1.049222 1.781580
0.686573 1.885390
1.261042 1.397627
1.224405 1.529046
0.920097 1.108638
0.988708 1.899113
1.156564 1.166537
1.219615 1.652424
0.581490 1.842934
1.157661 1.753156
1.236869 1.227555
1.084591 1.866272
1.309315 1.463513
1.274078 1.574268
1.236603 1.688414
1.068132 1.061972
1.341911 1.331339
0.836310 1.980915
1.189419 1.836923
1.377941 1.528045
1.017946 1.955388
1.335279 1.654730
0.559963 1.782432
1.118142 1.918515
0.681975 1.956734
1.407842 1.377624
1.314350 1.735760
0.584440 1.887887
1.387886 1.670498
1.438374 1.603917
1.256819 1.875784
1.238679 1.083079
1.470416 1.455090
1.362982 1.792965
1.351377 1.119678
1.442622 1.220746
1.451052 1.678909
0.975469 2.073083
1.175292 1.981983
1.491424 1.350207
1.510209 1.551058
0.835800 2.093927
1.124960 1.000237
1.524129 1.414885
1.456060 1.763648
1.330082 1.932563
1.521453 1.632080
1.562637 1.575601
1.584255 1.292795
1.529182 1.183736
1.575505 1.657361
0.686456 2.093305
1.294837 2.059753
1.620044 1.433736
1.548810 1.725347
1.068758 2.101087
1.450383 1.891633
1.410321 1.994781
0.564613 1.948046
0.852881 2.185615
1.626528 1.543085
1.465332 1.030309
1.604893 1.695488
1.669400 1.338317
1.588747 1.805380
1.331907 0.967789
1.695904 1.423085
1.507175 1.956033
1.214024 0.949016
1.663860 1.196860
1.350023 2.100910
1.660493 1.595460
1.461897 2.024954
1.193571 2.192932
1.636895 1.755496
1.615546 1.880166
1.736482 1.279647
1.527071 1.987764
1.649158 1.060328
1.409087 2.120533
1.747898 1.401287
0.975193 2.279325
1.259989 2.251603
1.738164 1.576653
0.608765 2.234421
1.691908 1.835544
0.566631 2.046952
1.618891 1.978897
1.717076 1.116218
1.540822 2.108401
1.788682 1.218367
1.103477 2.318558
1.347031 2.246824
1.820163 1.445938
0.696383 2.386929
1.564261 0.880178
1.758726 1.882684
1.638487 2.077799
1.831683 1.642521
1.267182 0.872455
1.279938 2.306640
0.485973 1.842904
1.521938 2.224833
0.837438 2.445013
1.810999 1.030100
1.391414 0.810228
0.849862 1.132933
1.631992 2.176009
1.433313 2.341271
0.497764 1.877290
1.773107 2.014142
1.877560 1.192605
1.739553 0.973600
1.846201 1.859924
1.928983 1.449028
0.990913 1.048437
1.541981 2.303513
1.992273 1.694623
0.543269 2.146337
1.668300 2.229511
1.249011 2.536638
1.825048 2.083707
1.028375 2.570428
1.929603 0.944848
1.407200 2.479730
1.848882 0.815022
2.008169 1.204582
1.962689 1.865302
1.560399 2.407452
2.050950 1.327337
0.938950 1.054790
1.048625 0.988179
0.523140 2.385652
1.754331 2.238434
2.121698 1.604312
0.559130 2.492230
1.308873 2.626225
1.628653 0.715654
1.903976 2.136576
1.425641 2.596543
1.113453 2.640574
0.567917 1.638480
2.087885 0.820476
1.623364 2.506267
0.726535 2.636053
2.081726 1.892631
1.975817 0.705476
2.148428 1.101217
1.754250 0.706051
1.844101 2.278081
2.236377 1.291231
2.300041 1.436507
1.437524 0.660810
1.895233 0.651531
1.336934 2.747854
2.080534 2.085264
1.154617 2.797158
1.518623 2.667967
1.109040 0.914658
0.886629 2.737127
1.736012 2.537162
2.175954 0.756428
2.056129 2.257252
2.322790 1.818469
2.315570 1.018097
2.406873 1.184380
2.078175 0.647059
0.451881 2.298580
0.989434 2.825838
2.236055 2.113867
2.453615 1.428360
1.193216 2.880395
1.414185 2.839268
1.588488 2.818353
0.467884 1.928049
1.032161 2.919835
2.384065 1.901892
1.964725 0.484815
1.897261 2.623468
1.838884 0.439187
2.154855 2.349522
2.484323 1.689571
2.338926 0.670494
2.333911 2.145455
1.686962 0.463199
1.208191 0.749492
2.453726 0.926351
2.520574 1.111735
0.694243 2.952762
0.609873 2.801191
1.171524 0.807548
2.640185 1.263616
1.745331 2.902028
2.509669 1.904597
2.199665 0.538974
1.087413 3.151835
2.374237 2.379886
0.380994 2.676354
0.807316 3.016019
2.602242 1.639726
2.024696 2.789491
0.968888 3.108471
1.346061 3.116373
2.484567 2.245801
2.704499 1.085873
2.776029 1.194540
2.652899 1.886708
2.588626 0.436270
2.047652 0.367390
2.305535 2.714864
2.508082 2.462299
2.704690 0.768745
1.892973 3.063454
2.864727 1.486169
1.473992 0.493597
1.639959 3.245894
2.669292 2.289476
1.912734 0.273051
2.119488 2.910663
2.354332 0.338431
2.848440 1.832439
2.325497 2.823515
2.843841 0.786254
2.454869 2.762424
2.902711 0.956288
1.085960 3.337563
2.951413 1.098900
0.957563 3.285962
2.662672 2.652129
1.278289 3.431448
0.574141 1.688915
3.073115 1.430943
2.023586 3.135089
0.724645 3.218032
2.917426 2.176527
2.190822 3.028047
0.607183 3.118235
2.424533 2.919993
2.733028 0.327459
2.550033 2.875014
0.840543 1.127499
1.755361 3.413166
0.412001 2.514812
2.842138 0.541790
3.201137 1.773272
2.170670 3.193358
2.342107 3.050977
1.775301 0.257972
2.241313 0.165512
3.068821 0.854738
2.737958 2.788289
2.893235 2.666732
3.207803 1.164009
2.989510 0.650246
1.505114 3.504235
2.482508 3.026546
3.262155 2.005908
3.345649 1.312617
2.647140 2.979651
1.305949 0.653371
2.200530 3.247554
2.054410 3.340507
2.327583 3.203612
2.782154 2.910923
2.603410 0.129824
2.958566 2.805146
3.292239 2.472003
2.530788 3.171083
2.152814 3.403521
2.719136 3.059287
3.187941 2.723548
3.469976 1.596686
1.026113 3.557065
1.831490 3.604735
2.227914 3.393088
3.527913 1.928016
2.908363 2.996230
2.330550 3.383708
3.303928 0.704911
3.466772 1.115694
2.007762 3.535872
1.124375 3.697232
3.040609 2.937100
0.887485 3.456997
2.610231 3.299968
0.568549 1.631679
3.530746 1.202051
3.412325 2.640764
2.836415 3.203396
0.423433 3.006840
2.835352 0.224663
3.012123 0.304277
2.146661 3.506130
3.618252 2.386889
3.249701 2.895639
2.469223 3.356843
1.600061 3.725867
2.964278 3.166115
2.358895 3.457982
2.265839 3.492562
3.696558 1.621521
3.708764 1.857088
3.183916 3.039984
3.697807 1.341195
3.477120 2.816420
3.253444 0.422938
2.680130 3.427336
3.328326 3.037684
2.542751 3.441393
3.501142 0.779812
3.638548 2.670088
1.898216 3.686805
2.027309 3.683220
2.026908 0.083668
3.112966 3.256635
2.407914 3.561558
3.802574 2.419651
2.886688 3.331975
2.297759 3.590060
1.256469 3.780094
3.317261 3.217287
2.136329 3.678289
3.788135 2.886888
3.495361 3.119492
3.636934 0.947308
2.621597 3.505754
3.907637 1.637020
2.758346 3.493407
2.472560 3.594460
3.723892 1.004286
4.024400 1.823279
2.399571 3.644613
3.902579 1.431356
3.034454 3.393947
2.350658 -0.063356
4.094391 2.649989
3.422077 3.313140
1.738015 3.811060
3.824489 3.237707
3.222199 3.368623
2.849073 3.502353
3.594971 3.314983
2.241170 3.729017
3.980534 2.994186
4.189807 2.233610
2.674689 3.603953
2.538095 3.626915
3.903944 1.139444
3.378021 3.428861
3.517753 3.449259
2.447521 3.686128
3.802567 3.352740
1.890187 3.784945
3.663996 3.448833
3.995431 3.289691
2.766218 3.587947
2.010933 3.780850
3.109536 3.455212
3.481101 0.545957
2.971551 3.542422
3.899202 3.421199
4.200665 2.895003
4.092933 1.634385
3.572664 3.524234
3.791583 3.461343
4.350399 2.333881
3.230776 3.465487
3.477450 3.537767
2.757457 0.007936
4.169432 3.105423
0.522508 3.299589
4.258708 2.743657
3.904600 3.527787
3.710163 3.526608
4.007876 1.452759
2.305698 3.826916
3.991694 3.472598
3.805904 3.580194
4.316249 2.537859
2.597532 3.680874
3.338187 3.519633
3.665692 3.616506
2.839473 3.636654
3.568096 3.648346
4.244813 1.846275
4.296421 3.010391
3.723666 3.643279
4.115975 3.426268
3.878839 3.639599
3.999739 3.582092
4.174078 3.293332
3.822333 3.690178
3.406833 3.592364
3.689560 3.683382
4.336724 2.860960
3.638124 3.704949
4.077672 3.530560
3.750707 3.739057
4.263913 3.225002
3.483830 3.635219
3.809277 3.751896
3.877783 3.725630
2.131290 3.821537
3.989760 3.673907
3.711824 3.777183
4.313456 3.103697
3.517137 3.692240
4.058511 3.669333
4.231736 3.418445
4.169545 3.529641
2.670865 3.682021
4.388351 3.062523
3.758685 3.818422
3.596617 3.738136
4.304084 3.321468
3.837501 3.826762
3.237929 3.563960
3.664503 3.801340
4.158618 3.638440
3.908458 3.787547
4.346349 3.218754
4.428449 2.953629
4.422113 2.642151
3.719016 3.839088
3.423317 3.638270
4.043436 3.760486
2.483402 3.772201
4.050322 1.224835
3.798123 3.865643
3.462309 3.675699
3.021299 3.558221
3.538792 3.751715
3.879658 3.858322
4.137220 3.737661
4.330030 3.569660
4.368375 2.089153
4.332918 3.433596
4.251627 3.615887
3.603542 3.799222
3.992744 3.844130
4.398668 3.321658
3.685081 3.848746
3.738430 3.876356
4.481958 3.257610
4.478918 3.051457
4.224001 3.742068
4.494229 2.834744
4.083572 3.809269
3.856577 3.893104
3.963775 3.892380
4.205204 3.795845
4.514494 2.558921
4.439321 3.564105
3.483547 3.730362
4.382226 3.637364
4.487484 3.446425
3.549048 3.780864
3.407626 3.650836
4.059940 3.867940
4.530319 3.187295
4.456451 2.265523
3.372699 3.625567
4.308348 3.713451
4.188003 1.506387
4.494355 2.367263
4.164024 3.876088
3.298288 3.596200
3.921070 3.905145
4.552414 2.962003
4.296392 3.792877
4.558975 3.278796
2.757914 3.701585
3.993297 3.907455
2.878120 3.645476
4.265248 3.862273
4.514311 3.524110
4.530042 3.434588
4.573913 3.370188
4.490840 3.646087
4.133977 3.899339
4.612582 3.098432
4.442533 3.697194
3.203815 3.576013
4.406784 3.791988
4.605224 3.198925
1.659920 3.912084
4.242890 3.889292
4.552076 2.700550
4.364206 3.836138
4.643691 3.316603
4.349955 3.876603
4.599062 3.523873
4.578431 3.621123
4.639483 3.407893
4.537055 3.701903
4.524570 3.764870
4.466793 3.824479
4.574499 2.860953
2.398319 3.880619
4.408725 3.856082
3.662243 0.678306
4.718015 3.124626
3.064367 3.583957
4.739349 3.231301
4.612977 3.762023
4.585084 3.818407
4.292582 1.694926
4.664505 3.611989
4.631021 3.687710
4.712794 3.491384
4.725999 3.394113
4.521941 3.847751
2.226913 3.857521
4.626316 2.517924
4.690360 3.024706
4.675909 3.825638
4.744184 3.761631
4.634528 3.844227
4.769365 3.668960
4.783722 3.571575
4.806567 3.463751
4.803296 3.348671
2.568192 3.794418
4.815340 3.212923
4.795608 3.792670
4.734722 3.815060
4.818380 3.728654
4.805278 3.067139
4.799786 2.835072
4.724312 2.674843
4.865614 3.629491
4.893843 3.510354
4.602680 2.277313
4.892035 3.441815
4.905353 3.325217
1.763449 3.900448
4.852592 3.790302
4.904523 3.737391
2.822745 3.689789
2.989696 3.606225
4.924171 3.683507
3.934750 0.886226
4.923010 3.185104
4.861480 2.961456
4.968421 3.476669
3.768751 0.825737
4.975765 3.392994
4.958225 3.759637
4.994246 3.712370
5.039958 3.632978
4.563698 2.083872
5.005778 3.267969
5.025241 3.559329
4.927217 3.035604
5.045616 3.461446
5.042439 3.721837
4.898005 2.852528
5.098794 3.659652
4.348373 1.741671
5.080181 3.382827
5.145130 3.589567
4.140018 1.280835
5.010990 3.155981
5.135087 3.542168
4.945965 2.927802
5.123316 3.699476
5.150763 3.449638
4.891121 2.762286
5.071244 3.280514
5.200570 3.610475
4.819901 2.457515
2.660043 3.774280
5.132662 3.346092
5.248917 3.534909
5.093931 3.063108
5.210731 3.469890
5.278666 3.600222
4.964471 2.829362
5.122587 3.144810
5.291657 3.562033
5.221538 3.396251
5.198273 3.300196
5.317113 3.506719
4.980458 2.723911
4.942626 2.631677
5.058596 2.920119
5.289461 3.407652
5.336642 3.560096
5.279891 3.343495
5.374580 3.505903
2.311883 3.910242
2.862491 3.681213
5.291339 3.251036
5.152536 2.975910
5.388065 3.429664
4.036172 1.011553
5.086573 2.763230
5.342216 3.318398
5.355529 3.352583
2.477656 3.876331
5.401946 3.503485
5.275503 3.109365
5.440703 3.430915
5.446712 3.374048
5.048846 2.645672
5.374093 3.195977
5.207506 2.874554
5.419875 3.296922
5.494005 3.421206
5.493952 3.369811
1.870131 3.963957
5.490036 3.285750
2.733521 3.766244
5.423038 3.092352
5.448412 3.192999
5.167859 2.716769
5.003786 2.508051
5.324835 2.954277
5.531586 3.338300
5.557628 3.279788
2.005292 3.922100
5.558090 3.235347
5.483805 3.090166
4.763352 2.085979
5.439715 3.020852
5.604857 3.198698
5.142075 2.559594
5.284617 2.803581
5.597054 3.130129
4.307412 1.405039
1.321863 3.976173
5.583704 3.037059
5.655362 3.150274
5.432538 2.888216
4.676761 1.870530
5.641152 3.118924
4.967463 2.316341
5.522690 2.965342
5.254049 2.649534
5.635779 3.042294
5.710618 3.070090
5.608997 2.988814
2.800229 3.737203
5.727013 3.033057
5.138843 2.442126
5.597102 2.917077
4.172541 1.119255
5.437141 2.763482
5.510236 2.848917
2.557817 3.865166
5.696014 2.954357
5.746325 3.018343
5.646021 2.916207
1.454526 3.981652
5.748089 2.957858
5.610390 2.816920
5.243420 2.510678
5.555163 2.754113
5.722614 2.868708
5.395279 2.598120
5.628036 2.787910
5.770560 2.914648
2.388252 3.938252
5.671902 2.808577
5.767462 2.820585
4.399864 1.562443
5.508536 2.639604
5.737787 2.764545
5.591303 2.629519
5.693566 2.750671
5.774930 2.814573
5.771097 2.745966
5.743537 2.702872
5.103108 2.246782
5.337802 2.429284
5.491472 2.499176
5.247789 2.321560
5.572618 2.556684
5.672185 2.616202
5.788425 2.651744
5.772494 2.618174
2.622252 3.856501
4.992934 2.087152
5.747276 2.557804
5.660058 2.537491
5.574537 2.483677
5.789170 2.571171
2.190632 3.987001
5.469315 2.394162
4.620523 1.648923
5.772562 2.530336
4.845004 1.897637
1.686253 3.984090
5.354530 2.330282
5.732663 2.472260
5.645958 2.399990
5.787364 2.494306
4.264192 1.170501
5.273167 2.213921
2.698446 3.825148
5.586750 2.371070
5.772717 2.452178
3.041139 -0.111286
5.471535 2.302232
5.721546 2.366931
5.781651 2.407807
5.641996 2.313412
5.757290 2.349299
5.369198 2.224698
2.457266 3.950541
5.598377 2.263898
5.683912 2.284177
5.780710 2.287385
5.133576 2.040419
5.491385 2.215248
5.640591 2.243358
5.764916 2.246852
5.293647 2.071235
5.726831 2.187501
4.740154 1.681906
5.607996 2.190656
4.961281 1.844018
5.775204 2.166867
5.673103 2.164846
0.950613 3.778791
5.450125 2.112823
5.748045 2.152064
1.918506 4.056653
2.302015 3.998141
5.691314 2.131082
5.579207 2.086797
4.407712 1.295567
5.664422 2.107394
5.739612 2.076185
5.735790 2.042241
5.683523 2.077784
4.060726 0.785336
2.540613 3.928873
5.371925 1.968891
1.998570 4.050832
4.198273 0.801879
5.267252 1.954146
5.469967 1.960383
5.605011 2.019696
3.266989 -0.071858
5.717589 2.011652
4.893181 1.676875
5.700816 2.010971
4.575385 1.381323
5.122744 1.813356
2.576979 3.922686
5.621059 1.947976
1.782442 4.023922
1.129800 3.974075
5.543530 1.921816
5.447031 1.907191
5.706789 1.966357
5.365334 1.878307
5.652388 1.882276
5.597838 1.854936
4.283629 0.977966
4.700252 1.441930
5.262951 1.790658
5.006740 1.707247
5.507344 1.869835
5.657745 1.870047
2.376305 4.012274
3.987957 0.586834
5.649784 1.859061
5.440875 1.820312
5.540445 1.770053
1.591928 4.010996
2.078625 4.107066
5.328921 1.762160
5.623734 1.787452
5.493270 1.789618
4.826409 1.464232
5.136837 1.700007
5.589140 1.743145
3.704720 0.255273
5.450274 1.765269
5.538326 1.731885
5.262918 1.663279
4.946385 1.557751
5.486680 1.695796
4.397984 1.058663
5.582792 1.709093
5.557737 1.680784
5.321553 1.669536
3.838891 0.485807
5.511666 1.650406
2.446811 4.004253
4.640463 1.327189
5.059542 1.567242
5.424174 1.656439
1.028081 3.893238
1.860913 4.077969
2.514818 3.967737
5.542874 1.625639
2.191023 4.097335
5.176344 1.570318
5.515097 1.613985
5.270741 1.596028
5.467707 1.603039
4.792067 1.313542
5.391887 1.585298
4.907525 1.410386
1.921852 4.138797
5.515796 1.553182
5.469326 1.531589
5.006264 1.447790
0.797308 3.705662
5.371479 1.509256
5.220514 1.480448
4.571131 1.165228
5.102612 1.446584
5.305711 1.505988
2.271936 4.077537
4.204764 0.645796
4.289934 0.720905
5.477902 1.511380
5.418352 1.454630
4.969501 1.331904
5.336523 1.424898
4.768977 1.183868
5.275244 1.373699
4.399463 0.833089
5.080747 1.361249
1.674701 4.081718
5.413699 1.402079
5.185030 1.338460
1.989829 4.143624
5.385812 1.372393
2.314142 4.099432
4.174009 0.518179
2.385860 4.069098
5.304500 1.314611
4.880072 1.236456
5.262509 1.314034
5.384184 1.334882
5.004972 1.200632
5.349546 1.295041
5.146816 1.224262
1.751012 4.150815
3.514127 0.079662
1.459610 4.150604
4.484009 0.920135
5.279661 1.252465
2.058370 4.165344
5.228268 1.248302
5.351171 1.257357
4.300618 0.608985
5.330856 1.228004
1.806013 4.195831
1.310644 4.162637
5.269204 1.189637
4.821445 0.928696
2.156386 4.188482
4.359855 0.646054
2.632957 -0.136732
5.204562 1.130967
5.135022 1.105881
5.354548 1.177990
4.690354 0.896344
5.327045 1.129904
4.479628 0.707641
5.010209 1.033540
2.201895 4.194520
2.285655 4.146991
2.897730 -0.150392
5.255734 1.068529
1.876173 4.237702
5.199247 1.022606
5.360162 1.070863
4.251561 0.515541
1.523505 4.193771
5.338692 1.049778
4.612826 0.703428
5.148677 1.004275
4.452120 0.570322
1.948351 4.257584
4.970604 0.806815
5.263727 1.011828
1.623474 4.242584
4.108478 0.254297
4.383063 0.478860
5.382231 0.991693
4.824759 0.792006
5.230639 0.915858
5.093529 0.834120
3.858041 0.114175
5.367803 0.933725
2.008839 4.288695
4.556050 0.560317
1.695071 4.264585
4.754751 0.663080
5.190722 0.819335
5.306687 0.868058
2.157901 4.242354
5.411072 0.904241
2.093664 4.269501
2.258710 -0.106583
5.061125 0.708696
4.493330 0.437046
5.400883 0.852790
4.298415 0.273919
5.278861 0.772938
4.971014 0.674303
4.687118 0.479510
5.148189 0.709934
1.787295 4.286448
5.356179 0.770491
4.851042 0.574694
5.435331 0.793792
5.241217 0.686204
5.131158 0.616890
1.450768 4.251476
5.443176 0.755710
4.430198 0.301820
4.605287 0.410325
5.064831 0.572303
5.306226 0.706945
5.204381 0.634792
1.874054 4.332360
4.783630 0.447177
4.562805 0.309674
5.406403 0.686027
5.014645 0.506320
5.479174 0.696745
5.153023 0.558140
5.294601 0.635707
1.495394 4.299518
5.494873 0.645523
1.929759 4.348219
5.238437 0.555190
5.368023 0.629570
4.932889 0.406547
4.741826 0.367326
5.087075 0.482249
3.766695 -0.040830
2.061493 4.317675
5.459522 0.601118
1.615368 4.301056
5.533298 0.600972
5.342576 0.562760
1.978560 4.350764
5.187527 0.467450
5.534018 0.568066
1.146019 4.182647
5.046819 0.389707
5.438640 0.540100
4.661946 0.285484
5.284892 0.474203
4.828772 0.343831
5.532154 0.501971
5.579743 0.525179
0.574537 3.612575
5.416996 0.445389
4.576296 0.181201
5.154378 0.377821
5.584539 0.462830
1.670383 4.361036
1.355368 4.258615
5.465963 0.455422
5.278300 0.336809
4.981984 0.317588
5.560307 0.405382
5.361960 0.362146
4.798789 0.234749
4.314063 -0.034568
5.603001 0.443173
5.473701 0.376139
5.591745 0.381735
5.116099 0.285725
5.523432 0.370681
1.755300 4.389312
0.269694 2.808208
5.274176 0.239774
5.565549 0.328110
5.351422 0.246298
4.906682 0.205039
5.445521 0.285967
4.436637 0.102589
5.625142 0.318606
4.124218 -0.178827
5.529549 0.292548
1.409739 4.348084
4.722384 0.090671
5.606401 0.293581
1.828694 4.409451
3.048010 -0.274467
5.083376 0.175970
1.966349 4.384069
5.570335 0.250128
1.880954 0.058638
5.440282 0.188680
1.900176 4.401817
5.533922 0.223232
5.345101 0.151719
5.630589 0.248330
1.460100 4.419833
5.618522 0.185957
5.215057 0.144448
4.872263 0.056999
5.031138 0.015824
5.578830 0.153024
0.976367 4.042639
5.153321 0.052633
4.701539 -0.021482
3.194398 -0.283820
5.538383 0.137879
5.635196 0.162077
5.397576 0.050552
5.623127 0.115576
3.412868 -0.310768
5.310661 -0.000902
2.779090 -0.309092
1.214760 4.301202
1.575666 4.449322
5.579169 0.057385
0.445247 3.182856
5.235744 -0.033070
3.962582 -0.194021
5.499504 -0.006030
5.635716 0.032514
4.807059 -0.051149
5.168687 -0.049092
5.619998 -0.003108
5.384029 -0.033206
1.632337 4.462754
4.996919 -0.092117
5.590350 -0.036501
5.345083 -0.087046
1.817597 4.483642
1.707856 4.493929
5.632910 -0.070125
5.503251 -0.086338
5.281876 -0.125723
5.410615 -0.127125
1.302408 4.367063
5.619994 -0.092265
1.765791 4.490688
4.458283 -0.152841
5.363420 -0.192809
5.562668 -0.141475
5.176721 -0.201795
4.585979 -0.169077
4.266677 -0.287275
5.434872 -0.217524
1.362701 4.437433
5.486215 -0.208479
5.619132 -0.177459
3.650061 -0.432811
5.611763 -0.187883
5.294355 -0.238120
4.778030 -0.246647
5.532547 -0.254446
5.412540 -0.282359
0.836690 3.994005
5.480545 -0.269706
4.918435 -0.288473
5.604136 -0.283599
5.081606 -0.319035
5.575739 -0.319673
1.446830 4.489676
5.246917 -0.337791
5.532592 -0.365043
4.129520 -0.404976
5.361818 -0.359020
5.468246 -0.376362
1.723470 4.535153
1.520674 4.524302
5.581097 -0.343228
4.571973 -0.361199
5.549749 -0.404493
1.597705 4.567669
0.742562 3.903999
3.856415 -0.561124
4.733226 -0.359720
1.638883 4.565491
5.502086 -0.431207
4.873387 -0.411591
5.439835 -0.452837
4.403783 -0.408740
5.323694 -0.451150
5.548810 -0.477645
5.151045 -0.436839
5.513097 -0.544828
5.025030 -0.444768
4.675709 -0.501275
5.475881 -0.531329
1.049024 4.365056
5.400195 -0.560914
2.395953 -0.280772
5.529616 -0.607827
1.141285 4.417941
4.790552 -0.545842
4.305926 -0.531239
1.229933 4.466727
5.298929 -0.628189
5.488769 -0.629035
4.026687 -0.530834
4.558000 -0.626634
1.311388 4.545618
1.590012 4.608787
5.446115 -0.640970
5.151634 -0.581320
4.920148 -0.595947
1.405536 4.601924
5.526918 -0.667872
5.377368 -0.701300
4.764678 -0.663257
1.484467 4.614633
1.548545 4.621003
5.486908 -0.704761
5.266940 -0.698012
5.084311 -0.641186
0.377983 3.599598
5.423128 -0.741461
5.190065 -0.718140
0.924965 4.267974
4.198572 -0.592046
4.495192 -0.687042
5.495742 -0.743819
5.361281 -0.796652
4.833360 -0.721503
5.248439 -0.814871
5.465887 -0.800790
4.930393 -0.707569
5.122381 -0.774390
2.933718 -0.320158
5.196885 -0.821831
5.409900 -0.850176
5.441234 -0.908240
5.319352 -0.897228
4.594644 -0.782636
5.232204 -0.887873
1.528377 4.644936
5.425584 -0.927329
4.358022 -0.721968
4.793002 -0.790213
4.896658 -0.799679
5.139906 -0.878056
5.053967 -0.891267
5.362647 -0.970928
3.732876 -0.703291
3.934752 -0.673608
1.195772 4.599845
1.464433 4.667236
3.318585 -0.467299
1.288476 4.658244
1.356579 4.672755
5.420132 -0.989315
5.312581 -1.004977
1.081928 4.537293
5.205303 -1.011943
4.107530 -0.769662
5.385502 -1.024482
0.559078 3.807946
5.067412 -1.006670
4.457861 -0.814764
0.793495 4.186438
3.579475 -0.706763
4.973796 -0.964137
5.347950 -1.049479
4.850306 -0.924397
4.237641 -0.855389
4.717829 -0.966373
1.042212 4.471926
3.152147 -0.434121
5.377662 -1.091130
5.262125 -1.081339
5.346671 -1.156662
5.122365 -1.116110
4.374899 -0.876445
5.043897 -1.090087
1.374244 4.739293
4.584222 -0.915795
5.285705 -1.163848
0.664288 4.097222
2.603772 -0.395103
4.912240 -1.086118
5.352221 -1.192991
0.924157 4.400000
5.215792 -1.168726
4.805741 -1.098824
5.329131 -1.239404
5.113758 -1.189353
1.337684 4.744788
1.236443 4.741719
5.013205 -1.189540
4.503968 -1.017018
1.163197 4.673373
5.250607 -1.259868
4.698261 -1.128043
3.996992 -0.875995
4.158943 -0.949177
1.050212 4.672775
5.308136 -1.300492
4.877412 -1.173626
4.300874 -0.996447
4.418094 -1.047434
3.825442 -0.872731
5.159966 -1.262923
1.364182 0.515142
4.581333 -1.106639
5.065317 -1.271947
5.269467 -1.325579
0.989040 4.613557
4.738778 -1.173810
4.964294 -1.282632
5.162477 -1.335961
1.284469 4.787237
3.727015 -0.892758
4.845886 -1.313729
5.249431 -1.399163
5.100893 -1.366677
4.465162 -1.112628
4.686430 -1.193130
5.035587 -1.370446
5.204804 -1.438975
4.782869 -1.307815
4.377178 -1.119220
4.910582 -1.368972
4.581238 -1.205242
4.078857 -1.075512
1.196162 4.796823
4.231843 -1.074180
0.920556 4.565095
1.606409 0.270105
5.131536 -1.486107
4.835452 -1.345897
3.920234 -1.020645
1.111405 4.814832
5.209720 -1.493324
5.065612 -1.447757
4.668131 -1.358134
4.985620 -1.468875
5.157249 -1.515759
0.777810 4.343870
1.018267 4.774421
3.799677 -0.971977
4.860385 -1.483322
4.765611 -1.388908
4.442602 -1.228397
5.102591 -1.554677
0.958974 4.702147
3.420698 -0.855968
0.356730 2.389541
1.142457 4.850705
5.173857 -1.571598
0.636582 4.283915
5.001934 -1.539683
0.558560 3.983423
4.290507 -1.195423
4.916782 -1.554072
0.899590 4.665150
3.263115 -0.846610
5.119694 -1.586833
0.803812 4.509372
4.189792 -1.183919
4.791780 -1.522703
4.029575 -1.189992
4.681026 -1.461763
4.544048 -1.402743
5.038295 -1.623911
3.611878 -0.947385
1.106249 4.840419
3.889256 -1.151523
5.087821 -1.705475
0.349171 3.735579
4.965155 -1.647582
1.008682 4.848649
4.869231 -1.641114
0.816720 4.606853
5.043906 -1.713961
3.758705 -1.080514
4.429511 -1.358473
3.016383 -0.738978
4.710281 -1.583509
0.927425 4.783984
2.858599 -0.608255
4.969037 -1.739561
4.279948 -1.344921
4.602899 -1.533631
5.029508 -1.763452
1.032414 4.883193
0.873600 4.779825
4.481672 -1.507467
4.865468 -1.761215
4.133061 -1.329543
4.968251 -1.799095
4.782897 -1.745654
0.797953 4.692032
0.245660 3.470073
3.937998 -1.296365
4.335597 -1.465105
0.746853 4.560349
4.644398 -1.641902
4.859801 -1.834939
0.706207 4.512403
0.952359 4.895082
0.597116 4.383512
4.955592 -1.853271
4.471842 -1.608751
3.818149 -1.246174
4.570075 -1.634127
4.807298 -1.819654
4.874563 -1.903682
0.724635 4.662690
4.715553 -1.800138
0.868151 4.880720
4.228796 -1.480308
0.510303 4.206308
3.681688 -1.099484
3.490645 -1.151585
4.577763 -1.742761
4.808200 -1.904131
0.851775 4.828312
3.339365 -1.046319
0.867757 4.930033
4.862818 -1.935869
4.341465 -1.658760
4.458890 -1.715164
0.781100 4.783896
4.741076 -1.885264
4.078313 -1.463993
4.628886 -1.853763
4.793493 -1.964427
0.649835 4.596976
0.389970 3.903247
0.685425 4.724878
4.526450 -1.813630
3.152478 -0.990815
4.740412 -1.968376
0.592992 4.554410
3.869276 -1.402977
4.426315 -1.766024
0.817425 4.929244
4.769911 -2.009521
0.618877 4.666171
0.197504 2.693675
4.635723 -1.968795
4.543542 -1.915120
4.738676 -2.010947
0.775391 4.905033
0.521652 4.344644
2.996096 -0.886593
4.191071 -1.716232
4.434918 -1.896292
1.946770 -0.244660
4.329579 -1.806420
0.555350 4.614361
0.678835 4.873346
4.650461 -2.018995
0.758478 4.952200
4.690085 -2.079659
3.565931 -1.369701
0.605824 4.832772
4.006041 -1.616571
4.559305 -2.014251
0.476516 4.474932
0.568993 4.733819
4.630553 -2.090262
3.739846 -1.405274
4.424718 -1.979277
3.421724 -1.307833
4.341517 -1.911288
0.713073 4.951446
2.228994 -0.416388
4.571655 -2.094770
0.536797 4.683723
4.221530 -1.824272
0.370759 4.066919
4.608923 -2.146819
0.485544 4.593007
0.610936 4.932580
4.453517 -2.098047
4.569675 -2.151981
3.865556 -1.554913
4.105654 -1.802546
2.380264 -0.567589
4.374811 -2.012608
0.185879 3.666538
0.546095 4.886644
0.580359 4.980274
3.193566 -1.193130
3.627629 -1.477295
4.427039 -2.190406
4.221087 -1.964578
0.503814 4.811519
4.487491 -2.250161
0.459868 4.723865
3.949668 -1.729785
4.370103 -2.158289
4.141311 -1.912897
4.434179 -2.248157
3.019500 -1.135800
2.622536 -0.764447
0.547571 4.966968
4.277230 -2.119807
3.701690 -1.611612
0.461879 4.663102
0.363178 4.446084
0.391035 4.551799
4.352311 -2.243067
0.304906 4.358850
4.024554 -1.921430
0.204427 3.824642
3.512043 -1.454687
0.517116 4.933661
4.156415 -2.063646
4.402167 -2.309299
3.798651 -1.742854
4.279990 -2.225722
0.499431 4.985475
0.460271 4.887369
2.841160 -1.002456
4.321968 -2.332875
4.073639 -2.026000
4.175884 -2.159986
0.403617 4.802954
3.582449 -1.611821
3.914253 -1.868763
0.307881 2.210892
4.264307 -2.319927
0.353162 4.734293
4.112318 -2.112912
0.151460 4.006821
4.255210 -2.388767
4.002754 -2.032229
3.703640 -1.750054
3.316862 -1.456285
0.421013 4.971746
4.196218 -2.290779
4.039814 -2.069338
0.342000 4.650152
4.216115 -2.398012
4.125968 -2.238239
3.761471 -1.852927
0.074458 3.087147
0.355358 4.945086
1.662216 0.132887
0.255714 4.568598
3.884677 -1.989964
4.038009 -2.163114
4.180139 -2.371085
0.380311 4.983699
0.320870 4.880188
4.174667 -2.428256
3.980656 -2.085517
0.067939 4.187188
4.086430 -2.346352
0.287415 4.810536
3.439651 -1.677586
4.142393 -2.423794
4.019743 -2.289112
0.178110 4.463845
3.573396 -1.765225
0.203577 4.730093
3.077808 -1.382527
3.663886 -1.886440
3.946667 -2.214979
3.741517 -2.053179
0.321829 4.967246
4.089161 -2.416325
3.840525 -2.107798
4.095134 -2.480720
0.020144 3.334807
0.147591 4.650566
0.256676 4.931872
3.984732 -2.387874
4.040538 -2.478752
3.908892 -2.324211
0.192924 4.979249
0.178534 4.878224
0.108886 4.345685
3.839201 -2.246068
0.101763 4.554929
3.959160 -2.446156
0.115222 4.792109
3.740457 -2.148133
3.653178 -2.055068
4.002329 -2.515545
3.584136 -1.937925
0.088328 4.720993
3.892905 -2.405582
3.977515 -2.511807
0.142646 4.974140
3.447684 -1.829491
3.832952 -2.366591
0.040221 4.475818
0.111051 4.913658
3.767476 -2.317080
3.901120 -2.444949
-0.024173 3.934413
3.312866 -1.753577
0.066970 3.758306
0.024069 4.619110
3.895586 -2.581881
-0.017893 3.631649
2.866493 -1.338328
0.088704 4.975142
3.639357 -2.164224
0.062009 4.845305
3.553867 -2.073506
-0.056849 4.116441
2.637318 -1.164026
3.800127 -2.442706
3.824476 -2.577955
-0.013772 4.766187
3.722242 -2.396374
3.103654 -1.584144
3.435888 -2.008434
2.434154 -0.969046
-0.059608 4.271707
-0.020685 4.539040
-0.035410 4.682851
-0.073474 4.371034
-0.059786 4.479404
3.773897 -2.516654
0.017332 4.945501
3.640880 -2.287835
3.786158 -2.617088
3.350352 -1.871283
-0.067604 4.578726
3.514234 -2.202245
-0.062106 4.906911
3.692615 -2.505013
0.384778 2.060032
3.440083 -2.120794
3.685372 -2.627563
3.613323 -2.427572
-0.057369 4.941960
-0.127884 4.813059
2.977035 -1.537915
3.379945 -2.027741
-0.137682 4.528788
3.161148 -1.891838
-0.173683 4.633813
3.642047 -2.587905
-0.130785 4.756057
3.526040 -2.338817
3.679950 -2.647224
-0.163584 4.418765
-0.171214 4.573909
0.266436 2.309721
3.279229 -1.972743
2.223835 -0.719650
3.438923 -2.251804
-0.099890 4.923768
3.564045 -2.536299
3.594434 -2.636976
3.356816 -2.143500
-0.131183 4.047324
3.056642 -1.709949
3.522671 -2.471130
1.769688 -0.124181
-0.177033 4.867268
-0.224709 4.320014
-0.162673 4.165017
3.258606 -2.104319
3.564773 -2.608249
2.817207 -1.510625
-0.246993 4.597537
-0.219876 4.490091
3.413564 -2.371954
3.568077 -2.673579
-0.171964 4.913561
-0.212231 4.772866
3.177356 -2.014764
-0.252346 4.702043
3.509008 -2.668196
3.472324 -2.579144
3.352727 -2.289394
3.090363 -1.936113
2.660759 -1.413251
3.243630 -2.180689
-0.160418 3.912400
3.399737 -2.502414
-0.229043 4.888671
3.440741 -2.626085
3.132083 -2.122271
3.476421 -2.702060
3.302570 -2.431579
2.822932 -1.726704
-0.272327 4.835605
-0.322403 4.356884
3.067451 -2.047611
0.071427 2.836978
-0.369646 4.520449
3.370292 -2.709409
3.361830 -2.589102
2.963560 -1.890605
-0.276727 4.891346
3.227964 -2.343957
-0.288705 4.015705
-0.337406 4.735113
2.456007 -1.314103
-0.346567 4.680622
-0.330909 4.239156
3.145695 -2.220168
3.002549 -2.007211
3.272569 -2.545809
3.304218 -2.679360
3.047552 -2.167668
-0.217957 3.717067
2.657162 -1.643568
3.364209 -2.751275
2.027517 -0.590620
3.191418 -2.469811
-0.375107 4.859942
2.968421 -2.090621
3.303014 -2.729884
2.793873 -1.892306
3.233859 -2.612618
2.869423 -2.001117
3.119907 -2.373485
3.028009 -2.299071
-0.426203 4.774963
3.170275 -2.542303
-0.453178 4.853188
2.944046 -2.184387
-0.435995 4.706009
2.253688 -1.220004
3.198416 -2.703752
3.208511 -2.783924
-0.457080 4.602412
2.865113 -2.090456
-0.246231 3.457366
2.697811 -1.800935
3.115653 -2.465244
2.799363 -2.043422
-0.452978 4.462207
2.487964 -1.535308
3.168057 -2.762122
3.138621 -2.637131
2.992869 -2.388643
-0.467029 4.307719
-0.502725 4.816302
2.914437 -2.318959
3.034946 -2.567988
2.843958 -2.234328
-0.450005 4.185993
3.088606 -2.719737
-0.529086 4.750518
2.777501 -2.094239
2.738038 -2.014106
3.106639 -2.813591
-0.242723 3.236797
2.963309 -2.481967
-0.591395 4.796386
2.593371 -1.768981
-0.592636 4.650510
3.059286 -2.798337
3.010564 -2.667580
2.877032 -2.434581
2.813298 -2.344434
-0.644962 4.538267
2.927745 -2.586711
-0.375494 3.903996
2.743922 -2.266336
1.876516 -0.394934
-0.623139 4.758976
2.967162 -2.724724
1.525943 0.131348
3.035595 -2.827614
2.683728 -2.098964
2.621761 -1.927976
2.839424 -2.529088
2.261875 -1.417843
-0.649090 4.682308
2.914955 -2.810332
-0.631959 4.399301
-0.709663 4.774174
2.861609 -2.696902
1.379441 0.307261
2.763638 -2.435586
2.692751 -2.361612
2.806277 -2.641600
-0.713997 4.606278
1.986763 -1.014989
2.653170 -2.261839
2.844188 -2.767362
2.816430 -2.856178
2.590503 -2.117724
-0.772639 4.729743
2.717234 -2.546512
2.424145 -1.696163
-0.702602 4.285221
2.806386 -2.830614
2.518208 -1.943616
-0.720085 4.526268
2.774344 -2.720630
-0.457932 3.653890
2.609214 -2.361454
2.637959 -2.444206
-0.796565 4.669209
-0.832687 4.732804
1.568724 -0.062009
2.702128 -2.669936
2.564055 -2.283561
2.736035 -2.791091
2.716297 -2.882242
2.608623 -2.551209
-0.817712 4.564754
-0.791559 4.353168
0.116621 2.493166
2.647976 -2.885565
-0.856422 4.712487
2.670565 -2.738703
2.442737 -2.209721
2.514762 -2.443905
-0.790981 4.078250
2.094829 -1.293466
2.560965 -2.641737
2.442501 -2.379133
0.405603 1.975593
1.807198 -0.750752
-0.965045 4.713411
-0.871478 4.490810
2.571048 -2.826638
-0.923952 4.635173
2.605893 -2.911411
2.483074 -2.577675
-0.273273 3.029906
2.534317 -2.893262
-0.503952 3.362971
2.407849 -2.474820
2.523417 -2.780452
-1.002313 4.577631
-1.038085 4.683608
-0.934443 4.222580
2.304355 -1.998029
2.438584 -2.680958
-0.984812 4.329773
1.689047 -0.289800
2.328285 -2.330679
2.464493 -2.952384
2.496424 -2.855689
-1.111864 4.700250
2.382925 -2.576270
-0.751711 3.771694
-1.081451 4.648247
2.186953 -1.790175
1.951033 -1.197370
-1.067274 4.490031
2.343170 -2.465315
2.430992 -2.926434
0.885845 1.092133
2.423305 -2.784204
1.291357 0.366902
-1.154814 4.684157
-1.169632 4.565911
2.338912 -2.730375
2.097881 -1.539432
2.407953 -2.964184
-1.152947 4.369377
1.825579 -1.017321
2.418500 -2.886193
-1.068379 4.276482
-1.231400 4.700812
2.279212 -2.625843
-1.242705 4.627835
-1.204606 4.515993
2.345013 -2.969448
2.204926 -2.443514
-1.023134 4.148488
2.270534 -2.812078
1.915893 -1.403807
-1.316833 4.668909
1.248244 0.509151
-1.318564 4.588492
1.165924 0.627430
2.128917 -2.249037
2.282661 -3.014750
-1.242316 4.381683
-0.731028 3.615213
-1.219307 4.319054
2.256309 -2.921388
-1.381606 4.692462
2.244053 -2.743954
2.089818 -2.031476
-1.332083 4.638330
-0.122792 2.649638
1.636147 -0.607303
-0.998262 3.924281
-1.354950 4.519553
1.988695 -1.738112
2.213795 -3.029200
1.783292 -1.207299
-1.419753 4.679255
-1.471369 4.591053
-0.512987 3.167063
2.188432 -2.886251
2.173501 -2.704615
1.687957 -0.809284
1.904326 -1.605152
-1.280354 4.212196
-1.306040 4.293517
-1.430623 4.407555
2.162752 -3.099183
-1.493545 4.691659
-1.521563 4.628881
2.160049 -3.025036
-1.536070 4.489521
-0.945138 3.741461
-1.222417 3.990160
2.113926 -3.100074
2.119744 -2.827253
2.106434 -2.380510
1.471066 -0.280923
-1.570431 4.667613
2.012215 -2.230371
-1.594130 4.558968
1.533398 -0.496329
-1.472547 4.306893
1.765186 -1.517573
1.868685 -1.771419
-1.556886 4.427764
-1.645184 4.672575
2.062065 -3.157833
2.045161 -3.005531
-1.672523 4.607142
1.926191 -1.954652
-1.401676 4.209159
-1.635334 4.479899
2.005835 -3.120512
1.401296 -0.006075
1.598184 -1.056207
-1.365135 4.075895
-1.221251 3.855811
-1.748031 4.638797
-1.745111 4.548173
2.007400 -3.175637
-1.605904 4.274236
1.940541 -2.743712
-0.749242 3.288028
-1.703521 4.439568
-1.837276 4.660518
-1.539644 4.232537
-1.813436 4.602769
1.933537 -2.982035
-1.467829 4.112385
1.933434 -3.275471
-1.759082 4.458355
-1.390791 3.918250
1.939149 -3.093109
1.764641 -1.687689
1.817058 -2.132368
-1.874603 4.633148
1.909137 -3.207193
-1.430968 4.026462
-1.870525 4.521128
1.864232 -2.455378
1.094910 0.720610
-1.716527 4.298309
-1.622713 4.148446
1.866543 -3.316439
-1.799229 4.395883
-1.662305 4.224649
1.582433 -1.303116
-1.958463 4.625491
-0.978836 3.474722
-1.954949 4.559226
-1.585705 4.050925
-0.334578 2.795713
-1.904136 4.436318
1.822472 -3.375710
-1.679603 4.165610
1.840442 -3.088028
1.750345 -1.900208
-1.210941 3.576417
-1.497501 3.955859
-2.022021 4.594862
-1.980753 4.480559
-1.769853 4.197885
-1.828856 4.307078
1.853520 -3.199568
1.519459 -0.645574
1.806658 -3.307564
1.815399 -2.913046
-1.922886 4.340263
-2.081969 4.581907
1.756318 -2.670510
-1.691987 4.071552
1.772682 -3.404207
-1.378086 3.764944
-1.774942 4.126731
-2.066728 4.540133
-2.015645 4.411963
-1.643186 3.979139
1.637858 -1.558151
-1.536724 3.848771
1.749785 -3.192772
-1.881427 4.179399
1.719588 -3.463419
-2.160845 4.550338
-1.955634 4.266389
-2.093984 4.430997
1.631482 -2.479416
1.745199 -3.291188
-1.814015 4.080448
-2.068312 4.281148
-2.215568 4.529616
1.701510 -3.442972
1.467001 -0.883069
1.670016 -3.119916
0.153831 2.347556
-2.180007 4.501164
1.676255 -3.492111
-2.160994 4.347343
-1.754587 3.983408
1.637577 -3.033720
-1.954546 4.149575
1.667031 -3.307214
-2.298501 4.487767
1.632814 -1.770124
-2.244538 4.394616
1.431000 -0.480341
1.613187 -3.551558
-2.043869 4.192017
1.611232 -3.216233
-2.351916 4.467021
1.624512 -3.418460
-2.168066 4.244002
0.438791 1.853063
-1.692290 3.812586
-1.939795 3.970628
-2.344572 4.426643
1.586659 -3.515714
1.588863 -2.079541
-2.304171 4.301991
1.532730 -3.601055
1.510812 -2.698660
-1.623476 3.713849
1.539636 -3.168354
-2.407486 4.423213
-2.042869 4.058494
1.555360 -3.371427
-2.391160 4.320826
-0.535807 2.921656
1.452348 -3.679396
-2.505323 4.389964
1.429560 -1.076712
-1.409093 3.517913
-2.182714 4.118760
-2.291791 4.157640
1.527965 -3.517821
-2.486666 4.330088
-1.301619 3.369392
1.505655 -1.662573
1.463230 -3.612157
-2.420426 4.234586
1.329244 0.157606
1.502084 -1.493336
1.403172 -3.695305
1.491503 -3.312253
-2.570674 4.342073
-1.887132 3.837727
-0.772043 3.095830
-2.514620 4.245475
-2.036626 3.938414
-1.028427 3.210766
-2.601001 4.339699
1.432054 -3.417988
-2.179456 4.008342
-2.400265 4.123188
1.308944 -3.778317
-2.301964 4.060572
-2.600107 4.257633
1.473503 -3.037146
1.441365 -2.560161
1.365802 -3.610314
-2.560060 4.140448
1.330087 -3.702356
-1.814653 3.695762
-2.685104 4.291474
1.455242 -1.818550
-2.604264 4.161236
1.404568 -3.267817
1.239039 -3.822695
-2.732780 4.270603
1.341066 -0.689050
-2.553695 4.057212
-2.421154 4.001050
-2.717755 4.204498
1.333031 -3.415579
1.173195 -3.865112
1.265985 -3.543975
-2.350902 3.946960
-2.629095 4.093870
-2.191260 3.856700
-2.096061 3.772777
-2.778403 4.204153
-1.690546 3.524813
1.193260 -3.690468
-2.750846 4.096296
1.079523 -3.847607
-2.857896 4.165606
-2.561276 3.959153
1.049486 -3.912791
-1.977439 3.656375
-2.634451 4.019341
1.337513 -2.815519
-2.812686 4.107947
1.266665 -3.172837
-2.432642 3.888572
1.218757 -3.340842
1.371824 -1.627309
-2.769515 4.009462
-2.361870 3.821820
0.941388 -3.997031
1.246662 0.283365
-2.913637 4.122611
1.174452 -3.516424
-2.223733 3.759060
-2.835669 4.023792
1.078295 -3.667875
-2.989716 4.060466
-2.639630 3.906150
-2.516692 3.858674
1.029207 -3.819633
0.943644 -3.942858
1.382661 -2.108397
-2.153780 3.637221
-1.906471 3.537091
-2.740672 3.922725
0.901824 -3.999018
0.194948 2.241738
-2.937637 4.019218
-2.482495 3.794580
-2.827159 3.955284
1.304258 -1.251517
0.823931 -4.056700
-3.013395 4.014776
-2.366509 3.739277
-2.950186 3.938356
1.074481 -3.450909
-1.487867 3.347472
1.347716 -0.935902
-2.594206 3.765196
-3.070511 3.984742
-2.268560 3.647992
-2.738104 3.779035
-3.019167 3.959941
0.774155 -4.031055
0.725246 -4.088274
-2.032548 3.536503
-2.852630 3.847939
0.788137 -3.939192
0.843117 -3.802849
0.958134 -3.635811
1.056707 -3.326028
-2.947093 3.826667
-3.093469 3.930358
0.644823 -4.146018
-2.563112 3.644080
-3.001546 3.881081
-3.131011 3.907124
1.278107 -1.825365
1.161777 -2.999875
-2.683241 3.684295
0.597300 -4.121591
-3.115041 3.845430
0.548405 -4.180691
-2.449781 3.543475
-2.936054 3.774140
0.598651 -4.035913
-2.814713 3.735469
0.860341 -3.515993
-2.993743 3.776848
1.240639 -2.480014
-3.173695 3.819994
-2.195951 3.495488
0.630655 -3.911131
0.430317 -4.241509
-3.109599 3.758468
-3.224026 3.774431
-3.017868 3.666270
1.023401 0.818932
0.421805 -4.193238
-1.281959 3.161314
0.681285 -3.743073
0.501150 -4.110065
-3.174958 3.768460
0.372535 -4.243981
1.299720 -0.252680
-2.958591 3.614194
-3.108546 3.655267
0.299762 -4.297102
-3.238744 3.706789
0.783952 -3.337446
0.411990 -4.041904
-3.070402 3.592882
-2.788854 3.581158
-3.186124 3.660473
-2.698240 3.536338
-3.297436 3.642922
0.289021 -4.170104
0.573339 1.746443
0.247814 -4.234602
-1.819432 3.364896
-2.555398 3.477257
1.210698 -1.634555
0.136066 -4.317299
-3.246870 3.650825
-3.177654 3.574283
0.031745 -4.384627
-3.028433 3.535433
0.444737 -3.901337
-2.078550 3.376249
-3.325886 3.549567
-3.117898 3.485950
-2.923866 3.471966
1.094078 -2.129424
0.556904 -3.531847
-3.254289 3.498799
0.175314 -4.112852
-0.046165 -4.389381
-3.391297 3.488072
0.105120 -4.216599
0.011255 -4.305286
-0.074957 -4.424375
-2.817977 3.458680
-3.318953 3.475042
-3.204562 3.440644
-0.187258 -4.447172
-3.051236 3.414006
-0.297272 -4.503245
-2.462450 3.421345
-0.255055 -4.423518
-2.702911 3.405161
-3.399674 3.433069
-0.359396 -4.503325
-0.697766 -4.871363
-0.720380 -5.015311
-0.457247 -4.574881
-3.285418 3.377090
-0.647281 -4.781311
-0.720718 -5.090330
-3.438972 3.389205
0.320806 -3.779118
-0.778407 -5.219724
-0.122213 -4.287007
-3.134529 3.355043
-0.823840 -5.278009
-2.924531 3.335155
-0.761384 -5.043961
-0.777869 -5.143503
-0.742530 -4.953846
-0.893109 -5.335404
-0.047484 -4.139992
0.076887 -3.938746
-0.823078 -5.228789
-3.379297 3.384992
-0.421194 -4.469781
-0.723707 -4.835841
-1.019287 3.018491
-0.520541 -4.558185
-0.618407 -4.659952
-0.877953 -5.308821
-1.007582 -5.382510
-0.776548 -5.073433
-0.821172 -5.142334
-0.775583 -4.989835
-2.603059 3.276986
-0.948002 -5.346823
-0.880854 -5.224701
-1.146245 -5.424310
-0.509280 2.700848
-0.401819 -4.349225
-3.226020 3.304379
-0.826640 -5.070834
-0.937255 -5.288349
-2.821825 3.343372
-0.788922 -4.877527
-1.098292 -5.397114
-0.898517 -5.143962
0.710012 -2.966694
-3.465279 3.312235
-1.223858 -5.462737
-1.044196 -5.342894
-0.950026 -5.239219
-1.191719 -5.435176
1.172429 -0.949384
-1.029917 -5.306686
-0.775706 -4.751355
-1.121783 -5.377550
-0.873125 -4.937266
-1.342207 -5.454419
-3.489176 3.303713
-0.978855 -5.169806
-0.912880 -5.066372
-1.092911 -5.320830
-1.291031 -5.445437
-3.332009 3.291439
-1.041750 -5.223260
-2.256087 3.274617
-3.019024 3.260255
-1.223448 -5.401002
-0.565664 -4.480175
-1.080087 -5.279382
-0.695569 -4.630964
-1.164298 -5.354867
-1.442427 -5.431371
-0.359867 -4.242371
-1.398512 -5.423907
-1.164088 -5.275864
-0.877060 -4.798746
-1.345611 -5.389907
-1.272814 -5.313473
-1.118054 -5.204496
-1.051939 -5.128528
-3.466500 3.213900
-1.243647 -5.283789
-1.566675 -5.372934
-1.519401 -5.389577
-1.024063 -4.864585
-1.469270 -5.350513
-1.415340 -5.344728
-1.202741 -5.226152
-0.925299 -4.685168
1.062610 -1.850264
-1.311242 -5.288188
0.515517 -3.312632
-1.656099 -5.333795
-1.158890 -5.093138
-1.282835 -5.211822
-1.620457 -5.320489
-1.554726 -5.320384
-2.921742 3.241444
-1.521164 -5.294323
-3.528286 3.173645
-1.018396 -4.729672
-0.539622 -4.317716
-1.411916 -5.268465
-0.809949 -4.448800
-1.161868 -4.954501
-1.272843 -5.120042
-1.357009 -5.199912
-0.960904 -4.561406
-1.748568 -5.248345
-1.636222 -5.281274
-1.769632 -5.243562
-3.204875 3.158539
-1.314716 -5.128471
-1.583073 -5.261425
-1.514241 -5.211419
-3.556581 3.132552
-1.440096 -5.188146
-1.117707 -4.796160
-3.317682 3.154349
-1.250110 -4.988968
-0.173267 -4.035391
-1.388651 -5.104917
-1.064235 -4.602539
-1.777269 -5.180141
-1.332060 -5.030847
-1.660183 -5.218121
1.126076 -0.426770
-1.834575 -5.169504
-1.874738 -5.136449
-1.603916 -5.165815
-3.451969 3.082271
-2.806482 3.163931
-1.233498 -4.877271
-1.525958 -5.113543
-1.465892 -5.077735
-1.429698 -5.058939
-1.040561 -4.438179
-1.347489 -4.890880
-1.798847 -5.110627
-1.857418 -5.104004
-1.197590 -4.623854
-1.914287 -5.090723
-1.682901 -5.113699
0.225190 -3.559978
-3.530621 3.071324
-1.103710 -4.489431
-1.411842 -4.948958
-1.950393 -5.039422
-1.631578 -5.054383
-0.959706 -4.356531
-1.494477 -4.949132
0.932679 -2.354387
-1.571259 -5.009658
-2.531447 3.210987
-1.356593 -4.776148
-1.875567 -5.047499
-1.930868 -5.015933
-1.413890 -4.789852
-1.789450 -5.029415
-1.355226 -4.643245
-1.973971 -4.976934
-1.728575 -4.990397
0.033553 -3.775244
-3.573668 3.067472
-1.212747 -4.510002
-2.644454 3.185181
-2.012907 -4.912320
-1.515013 -4.852933
-1.661514 -4.961360
-3.042256 3.080712
-1.582331 -4.906039
-1.944642 -4.917720
-1.871859 -4.933626
-2.001819 -4.888215
-1.807710 -4.927878
-1.426793 -4.675708
-3.601652 3.015712
-0.153389 2.492374
-2.045686 -4.830191
-1.768294 -4.879003
-1.911536 -4.876976
-2.055560 -4.818274
-0.681981 -4.146995
-2.011827 -4.803319
-1.850241 -4.894258
-1.347024 -4.504398
-1.703819 -4.794153
-1.551477 -4.689879
-1.158900 -4.334665
-1.609916 -4.775858
-1.227079 -4.428490
-2.045501 -4.785401
-1.887957 -4.795689
-1.914982 -4.782532
-2.081201 -4.760428
-1.984352 -4.741796
-3.502021 3.008341
-1.812788 -4.710667
-3.420224 2.998475
-1.514722 -4.526317
-2.038818 -4.729136
-2.112328 -4.656561
-3.565098 2.978297
-1.907590 -4.711276
-1.795719 -4.654019
-2.091387 -4.615060
-1.965996 -4.690720
-1.678879 -4.617846
-1.628224 -4.539086
-3.307657 2.973752
-2.118018 -4.559642
-2.032097 -4.625661
-3.625194 2.955184
-2.928378 3.037607
-1.928146 -4.642290
-1.344326 -4.407998
-2.092535 -4.524780
-2.131550 -4.477680
-3.658310 2.900080
-1.859107 -4.573270
-2.115909 -4.499230
-2.006858 -4.546927
-1.801014 -4.528490
-1.298569 -4.180181
-1.757541 -4.476747
-2.127955 -4.434967
-1.693692 -4.427835
-2.090480 -4.453656
-1.591557 -4.407799
-2.128026 -4.413595
-2.137732 -4.376634
-1.983302 -4.467170
-3.157562 2.952607
-2.148239 -4.363554
-1.376536 -4.277566
-3.552036 2.861078
-1.553796 3.111378
-1.916512 -4.431509
-3.615305 2.833553
-2.150014 -4.309853
-2.157145 -4.306429
-2.140890 -4.233552
-2.079048 -4.321284
-3.457995 2.855363
-1.847846 -4.396111
-2.169385 -4.192762
-3.670833 2.767258
-2.160138 -4.245570
-2.763856 3.032840
1.147442 -0.755150
-1.833158 -4.347107
-2.050196 -4.248472
-3.701650 2.708523
-2.171748 -4.131389
-1.868075 -4.238778
-2.167896 -4.151282
-3.389128 2.864957
1.106935 -1.191648
-2.070306 -4.171933
-2.182558 -4.023198
-2.180763 -4.037349
-2.175814 -4.094749
-2.039610 -4.184350
-2.176836 -4.043211
-3.604396 2.732115
-2.187941 -3.924230
-3.674114 2.667800
-2.075348 -4.146338
-2.201315 -3.943342
-0.644179 -3.856887
-3.537591 2.702670
-2.203091 -3.901602
-2.144078 -4.087632
0.428697 -3.069322
-3.696054 2.644748
0.009182 2.369804
-2.592759 3.066235
-2.191996 -3.842863
-2.223329 -3.897390
-3.711515 2.590174
-2.138070 -4.098825
0.911095 -2.105907
-2.167069 -4.076591
-2.213403 -3.803043
-3.042159 2.923810
-3.279057 2.845007
-3.433803 2.741829
-1.642454 -4.241145
-2.245627 -3.755744
-2.268145 -3.878034
1.196480 0.355476
0.113377 -3.400180
-3.643385 2.571040
-2.262630 -3.730306
-0.330924 2.605632
-3.689582 2.507285
-2.271381 -3.579080
0.562676 -2.824032
-3.602121 2.567355
-2.297515 -3.893370
-2.243788 -4.008177
-2.305194 -3.713103
-2.287599 -3.529901
-3.707581 2.497081
-1.701998 -4.005045
-1.561264 -3.830626
-2.314976 -3.487946
-3.713375 2.380229
-3.375486 2.712644
-0.767605 2.771169
-3.670304 2.462178
-3.536538 2.542780
-2.311731 -3.982233
-2.326331 -3.354657
-2.266680 -4.058007
-2.377190 -3.396231
-3.690974 2.427843
-2.333071 -3.364343
-2.384919 -3.858588
-2.403341 -3.705171
-3.632472 2.452434
-3.712814 2.309457
-2.401951 -3.237492
-2.430449 3.084646
-3.691887 2.168431
-3.647832 2.321653
-3.441674 2.535391
-3.205912 2.800179
-2.365996 -3.124231
-2.429233 -3.330350
-3.568500 2.396682
-2.395382 -3.964375
-3.304235 2.720009
-3.662606 2.156987
-2.425856 -2.959797
-2.444794 -3.133125
-2.849986 2.922207
-2.471355 -3.958570
-3.602394 2.262853
-3.662600 2.049273
-0.096849 -3.462043
-2.586156 -3.854008
-2.482462 -2.871900
-2.583687 -3.951812
-2.538040 -3.630398
-2.433989 -2.861118
-3.638866 1.907089
-2.564686 -3.310217
-2.524607 -3.085649
-3.632569 2.070975
-3.499665 2.387308
-2.531167 -2.852393
-3.361120 2.586456
-2.481424 -2.788255
-3.631822 1.981847
-2.547957 -2.665679
-3.609226 1.796968
-0.720238 -3.516821
-2.694819 -3.882651
-2.547356 -2.435710
-2.593958 -2.633674
-2.598543 -2.732227
-3.603333 1.626639
-3.554723 2.213538
-2.019317 3.150024
-2.756078 -3.919938
-2.618978 -2.914635
-3.585522 2.015882
-2.867625 -3.888499
-2.644205 -3.446022
-3.602847 1.924096
-2.646529 -2.243673
-2.644311 -3.122203
-2.702161 -3.607526
-2.653203 -3.268503
-2.681223 -2.260699
-3.595155 1.747011
-2.675816 -2.396619
-2.750617 -3.765655
-2.071220 -3.693846
-3.587341 1.555021
-2.703689 -1.932045
-2.709186 -3.446306
-2.702830 -3.309215
-3.448975 2.379374
-3.572580 1.406562
-2.693839 -3.075843
-2.673797 -2.931261
-2.675558 -2.551366
-2.894377 -3.903857
-3.272348 2.613565
-1.645739 -3.609346
-2.761734 -2.027193
-3.021672 2.762633
-2.898983 -3.790630
-2.745515 -1.978388
-2.752422 -2.186967
-2.800317 -1.708541
-2.739816 -3.228579
-2.750330 -3.363178
-2.789094 -3.547181
-3.559711 1.667351
-2.729270 -2.892416
-3.557098 1.507088
-2.885461 -3.834086
-3.535666 1.253579
-3.550296 1.802785
-2.863069 -1.429184
-2.749848 -2.628215
-3.480090 0.908751
-2.865619 -1.655511
0.965732 -1.468996
-2.768558 -2.425260
-2.839397 -1.645780
-2.852733 -1.749161
-3.493726 2.174255
-3.229145 -3.933154
-3.546916 1.953290
-2.923281 -1.261536
-2.844520 -1.996897
-2.794645 -3.269275
-2.821641 -3.458108
-2.785769 -2.957012
-3.194558 -3.824563
-2.748542 2.905803
-2.775392 -2.764668
-2.858726 -3.639244
-2.931881 -1.372424
-3.161360 -4.019472
-3.000836 -1.087652
-2.972547 -1.118031
-2.918465 -1.500482
-3.426085 0.649511
-2.808852 -2.524283
-3.442926 0.738623
-3.486553 0.993357
-2.977091 -3.975071
-3.027699 -0.996196
-3.500767 1.196254
-2.961358 -1.509333
-2.880002 -2.013849
-3.033450 -1.040210
-2.837434 -3.338093
-2.812364 -3.083018
-2.944888 -3.896626
-2.818596 -2.899702
-3.516020 1.508639
-2.865436 -3.556719
-3.372011 2.407559
-3.104079 -3.714023
-2.930365 -1.752900
-2.835886 -2.630488
-3.080593 -0.871131
-3.005255 -1.171602
-3.145034 -0.570123
-3.389273 0.383085
-3.035464 -1.288388
-3.158874 -4.120615
-2.916745 -3.758987
-3.521955 1.640046
-2.891550 -2.152716
-3.099508 -0.880083
-3.318702 -4.034772
-3.152229 -0.658576
-3.427223 0.549311
0.085013 -3.210454
-2.831396 -2.950774
-2.838961 -3.233785
-2.860968 -3.394535
-2.846272 -2.750529
-3.175297 2.593319
-3.045534 -1.338441
-3.107469 -0.930643
-2.920022 -1.964678
-3.030901 -4.114066
-3.224847 -4.096050
-3.171569 -0.641548
-2.892995 -3.614856
-3.303546 -0.055468
-2.893879 -2.323372
-3.478916 0.946586
1.198738 0.024265
-3.497534 1.219196
-2.965527 -3.950908
-3.018077 -1.508531
-2.937426 -1.992911
-3.509059 1.427757
-3.285974 -4.088059
-3.344138 -3.844573
-3.103590 -1.117121
-3.399507 0.340965
-2.929898 -2.067617
-2.938335 -3.842669
-2.858139 -3.115805
-3.138494 -4.241868
-3.157324 -0.755093
-2.849436 -2.926977
-3.234201 -4.231063
-3.250829 -0.374975
-3.286520 -4.213400
-2.970649 -1.814846
-3.400581 -3.957338
0.710127 -2.441232
-2.883879 -3.497024
-2.898527 -2.360763
-2.959516 -1.901569
-3.317487 -3.763493
-2.949866 -1.968776
-3.414292 -4.058363
-2.930448 -3.774253
-0.098090 -3.394064
-3.044835 -4.227920
-3.330559 0.023412
-3.270990 -0.389093
-3.219211 -0.635556
-2.973703 -1.822589
-3.422626 2.251275
-3.006120 -4.118217
-3.431410 0.550068
-3.075722 -1.315089
-3.151567 -1.015638
-2.972825 -1.845563
-2.987257 -1.724616
-3.359129 -4.181296
-3.118496 -4.334682
-3.012515 -1.600778
-2.941265 -2.056722
-3.328001 -4.306918
-3.053603 -1.434210
-3.120507 -3.551958
-2.983841 -4.029007
-3.232856 -4.360138
-2.994310 -1.725379
-3.196479 -4.398705
-3.317404 -0.199883
-3.012353 -1.626227
-3.403101 0.254385
-2.980986 -1.806930
-3.505110 1.201051
-3.256310 -0.501940
-3.475432 -4.158075
-3.239466 -0.690720
-3.041593 -1.527670
-3.390398 -4.276410
-3.005130 -1.670343
-3.049538 -4.300816
-3.509430 1.056882
-3.079389 -1.390175
-3.388083 0.027941
-3.109839 -4.425647
-3.033116 -1.557055
-3.046341 -4.294731
-3.376902 -4.453716
-3.097290 -1.307902
-3.176219 -4.520732
-3.071463 -1.426669
-3.330201 -3.564263
-3.315055 -4.486986
-3.270907 -4.547010
-3.342652 -0.212162
-3.513780 1.897776
-3.436939 -4.396479
-3.169625 -4.522845
-3.095420 -1.336165
-3.160414 -1.099098
-2.925101 -3.509779
-3.474954 0.680273
-3.542556 -3.886094
-3.287675 -0.470508
-3.501990 -4.265264
-3.379168 -0.094138
-3.541964 -4.010349
-3.239114 -0.772889
-3.116639 -4.483920
-3.090491 -4.427035
-3.300610 -4.577824
-3.233267 -4.624152
-3.385369 -4.523601
-3.142263 -1.173889
-3.286648 -4.620233
-2.345306 -3.439660
-3.172875 -4.599213
-3.438265 0.218078
-3.568623 -4.102382
-3.447289 -4.502656
-3.216046 -4.671586
-3.503880 -4.338132
-3.306636 -4.698302
-3.421079 -4.627243
-3.341828 -4.656590
-3.327316 -0.330982
-3.503730 -3.763749
-3.274680 -4.742423
-3.142948 -4.567376
-3.188534 -4.650710
-3.573738 -4.227562
-3.237306 -4.724204
-3.210195 -4.698406
-3.487753 -4.596629
-3.410711 0.045986
-3.506533 -4.442463
-3.295838 -0.529313
-3.435090 -4.707326
-3.389886 -4.740092
-3.234176 -0.826095
-3.349029 -4.779165
-3.381410 -0.109687
-3.584692 -4.325516
-3.318269 -4.780632
-3.279476 -4.781072
-3.533008 -4.559027
-3.471524 -4.677093
-3.247121 -4.759247
-3.220958 -4.701338
-3.452515 0.316285
-3.490972 -4.748236
-3.461125 -4.818124
-3.603702 -4.393558
-3.497454 0.863870
-3.426137 -4.855385
-3.572328 -4.655733
-3.484642 0.549142
-3.505001 1.078812
-3.369149 -4.843996
-3.269471 -4.775672
-3.357241 -4.845515
-3.645945 -4.497093
-3.567363 -4.729380
-3.343052 -3.480262
-3.334924 -0.363251
-3.563195 -4.823775
-3.447663 0.197884
-3.472238 2.041313
-3.289775 -0.612251
-3.657775 -4.371281
-3.254016 2.472136
-3.680870 -4.175380
-3.510669 -4.877992
-3.625697 -4.609823
-3.685958 -4.046482
-3.674220 -3.918401
-3.718712 -4.291921
-3.492942 -4.894221
-3.430544 -4.899170
-3.412317 -4.895069
-3.703308 -4.454252
-3.653943 -4.692662
-3.650084 -4.775343
-3.687470 -3.812546
-3.442177 0.134485
-3.640909 -4.867439
-3.397369 -0.101375
-3.577377 -4.914899
-3.706664 -4.530668
-3.544507 -4.916734
-3.503315 -4.926867
-3.337953 -0.413774
-3.728064 -4.616722
-3.790516 -4.386803
-3.605708 -3.615913
-3.317841 -0.512218
-3.743921 -4.727553
-3.480976 0.403745
-3.824089 -4.286365
-3.720508 -4.829832
-3.691957 -4.903939
-3.497006 0.707752
-3.660707 -4.919040
-3.762281 -4.481961
-3.512934 1.397636
-3.833244 -4.573398
-3.833078 -4.676440
-3.681432 -3.708590
-3.840486 -4.813675
-3.873744 -4.434638
-3.777593 -4.866407
-3.233016 -3.401454
-3.751751 -4.900228
-3.694480 -4.921593
-3.905207 -4.542009
-3.827619 -4.118117
-3.835546 -3.990758
-3.913672 -4.618595
0.343522 -2.959384
-3.475418 0.317949
-3.892265 -4.364962
-3.823406 -3.854004
-3.916272 -4.717399
-3.411602 -0.152201
-3.904000 -4.839189
-3.851000 -4.880939
-3.519895 0.987135
-3.947230 -4.440922
-3.792426 -4.905485
-3.602270 -3.508561
-4.000404 -4.551032
-3.959325 -4.250251
-3.460474 0.172061
-4.011758 -4.650344
-3.803577 -3.753768
-0.757270 -3.428635
-4.008393 -4.740022
-3.999076 -4.372668
-3.970880 -4.808856
-3.932394 -4.847227
-2.913615 2.763434
-3.497898 0.681115
-4.041092 -4.454071
-4.064972 -4.586492
-3.936036 -4.050855
-3.997035 -4.175794
-4.058671 -4.667944
-4.044995 -4.734990
-4.024188 -4.786074
-1.323777 -3.360164
-4.036198 -4.258150
-3.921757 -3.910220
-3.779362 -3.649574
-3.408861 -0.152522
-4.105531 -4.339497
-4.138289 -4.501194
-3.905165 -3.795926
-3.364169 2.307772
-4.151494 -4.538598
-3.604016 -3.338674
-4.116197 -4.642431
-4.086762 -4.714633
-2.632657 2.877405
-3.498715 1.825389
-4.029265 -4.052078
-4.113770 -4.183882
-4.137810 -4.285430
-3.725763 -3.523134
-2.939066 -3.283513
-4.195842 -4.368270
-4.002383 -3.879503
-4.011274 -3.963415
-4.181461 -4.488256
-4.183005 -4.539150
-4.189291 -4.562168
-3.492698 0.295922
-3.509561 0.541996
-3.549415 1.115687
-4.204080 -4.169029
-4.156472 -4.095488
-4.237597 -4.280650
-4.144202 -3.979167
-4.260972 -4.361528
-4.276686 -4.401825
-4.261045 -4.461353
-3.050431 2.589868
-3.954009 -3.648254
-4.042357 -3.801518
-3.444640 2.041091
-3.252789 -3.256375
-3.504271 -3.229313
-4.093788 -3.912164
-4.251477 -4.076642
-4.185873 -4.028817
-4.274395 -4.148405
-4.323409 -4.229277
-4.306650 -4.371835
-4.325412 -4.302341
-3.758296 -3.360690
-3.898072 -3.543108
-4.181068 -3.918455
-4.266986 -4.001986
-2.639112 -3.167054
-4.176206 -3.817638
-4.317008 -4.047370
-2.161402 -3.204198
-3.874787 -3.405430
-4.369573 -4.124966
-4.348228 -4.276845
-4.362980 -4.204805
-3.530665 0.390891
-4.274693 -3.884465
-4.150220 -3.649521
-4.330054 -3.959795
-3.215366 -3.178254
-0.438354 -3.381203
-4.406747 -4.152774
-4.378417 -4.018624
-4.402194 -4.079183
-4.082762 -3.563007
-4.263985 -3.751277
-3.164923 2.453042
1.214052 0.183781
-3.590573 0.857633
-4.339328 -3.833095
-3.731593 -3.253937
-3.471506 -3.100051
-3.987405 -3.394136
-4.440609 -4.020438
-4.404926 -3.891597
-4.436553 -3.981607
-3.094475 -3.098539
-3.602735 1.205444
-3.907390 -3.286567
-4.278471 -3.589662
-4.366457 -3.673925
-3.574371 1.548301
-4.212737 -3.520891
-4.466371 -3.918019
-4.403360 -3.790089
-4.461388 -3.877303
-3.651263 -3.070447
-4.064267 -3.339464
-2.875834 -3.058442
-4.143890 -3.411524
-3.341186 -3.064754
-4.485566 -3.796529
-3.240245 2.324942
-4.475720 -3.732113
-4.456555 -3.624236
-4.396396 -3.556777
-3.674537 1.080500
-4.323276 -3.463987
0.857135 -1.818744
-4.019637 -3.096247
-4.285894 -3.400702
-4.168748 -3.194224
-0.957995 -3.371367
-4.239025 -3.272880
-4.498700 -3.676087
-4.495469 -3.566237
-3.492965 1.885056
-3.151163 -2.967639
-3.387893 2.122931
-4.469698 -3.505735
-0.699993 -3.386374
-3.924735 -3.017112
-4.455510 -3.418844
-2.647703 -3.035475
-4.396468 -3.349195
-0.044941 -3.262365
-4.343505 -3.306104
-3.575837 -2.965587
-4.508489 -3.565999
0.517415 -2.634987
-3.690114 1.252980
-4.525680 -3.453399
-4.514217 -3.386914
-4.352272 -3.124140
-3.821647 -2.950066
-4.470438 -3.302411
-3.037177 -2.905282
-4.461849 -3.246267
-1.530766 -3.253683
-4.421739 -3.144923
-3.426313 -2.827335
-4.564792 -3.369462
-4.255584 -3.009976
-3.975436 -2.876398
-2.113980 -3.082114
-4.566017 -3.357116
-4.081747 -2.916823
-4.569627 -3.262694
-0.297722 -3.336896
-4.516983 -3.213108
-1.366883 -3.301246
-4.491701 -3.143656
-3.732507 1.277833
-3.271533 -2.799534
-4.446166 -3.064338
-3.666203 1.470733
-4.605401 -3.275629
-3.611576 -2.786156
-4.605592 -3.236968
-3.756275 -2.816516
-4.410111 -2.982454
-2.976640 2.496976
-4.528457 -3.004363
-4.602086 -3.160977
-2.399937 -2.938065
-4.240189 -2.814222
-4.136379 -2.790841
-4.574106 -3.094260
-3.060145 2.432888
-3.983334 -2.779721
-2.899981 -2.870966
-1.121656 -3.335126
-2.759166 2.628163
0.154545 -3.093949
-3.151389 -2.764580
-3.455823 -2.753951
-4.628522 -3.218714
-4.520940 -2.946108
-4.418597 -2.843324
-0.782557 -3.389989
-4.636906 -3.122582
-4.636911 -3.059871
-4.596830 -2.961073
-1.551000 -3.203483
-3.823170 -2.676817
-2.742446 -2.798560
-3.377875 -2.705641
-1.395449 -3.274194
-3.976485 -2.686671
-2.574718 -2.833993
-3.166822 2.343539
1.080605 0.517413
-4.150778 -2.690107
-4.509510 -2.882696
-3.061880 -2.708208
-3.752462 -2.616299
-2.891515 -2.745213
-3.743792 1.381686
-4.238154 -2.686718
-1.006955 -3.367550
-2.209964 -2.972536
-4.683801 -3.042437
-1.253883 -3.299267
-2.415886 -2.871044
-3.194770 -2.682197
-4.691208 -2.973205
-4.365126 -2.726559
-4.618919 -2.854667
-0.557320 -3.390438
-4.647805 -2.908783
-3.561840 -2.623149
-2.748775 -2.766701
-1.122604 -3.327930
-1.913851 -3.062954
-2.544016 -2.809915
-2.845088 -2.697513
-3.274573 2.212186
-3.999451 -2.554930
-3.803377 1.447521
-2.996223 -2.669826
-3.649893 1.683179
-4.167822 -2.580290
-3.911323 -2.524678
-3.493304 -2.578125
-4.257065 -2.564267
-3.151816 -2.640614
-2.188784 -2.942794
-1.468927 -3.198742
-4.735605 -2.931789
-2.791521 -2.713087
-2.409762 -2.841129
-4.527672 -2.715263
-1.651261 -3.141372
-1.285476 -3.275891
-1.962068 -3.017039
-3.763338 -2.533420
-4.630538 -2.752476
-3.459029 1.995247
-4.702094 -2.802485
-2.931993 -2.657902
-2.622401 -2.740973
-3.310896 -2.587539
-0.439443 -3.386562
-4.370921 -2.559118
-4.261530 -2.502285
-3.109603 -2.618986
-3.619492 -2.517724
-1.198389 -3.302031
-1.781962 -3.080024
-2.784264 -2.687563
-0.143573 -3.297820
-4.156485 -2.493767
-2.236350 -2.902427
-1.079515 -3.329355
0.705559 -2.090074
-2.062919 -2.975914
0.003095 -3.222463
-2.509422 -2.784311
-4.031787 -2.464956
-3.244141 -2.585086
-0.867890 -3.388121
-3.553666 -2.497350
-4.333279 -2.461917
-4.494122 -2.546107
-3.001926 -2.606972
-1.479698 -3.185592
-2.703983 -2.713429
-3.894412 -2.460023
-1.349560 -3.233205
-1.849822 -3.051588
-2.906850 -2.620933
-4.773377 -2.753335
-1.579205 -3.146838
-3.194975 -2.537959
-3.764289 1.615572
-3.443306 -2.489171
-4.740114 -2.685524
-3.832477 -2.408194
-4.693427 -2.617366
-4.242617 -2.415666
-3.116320 -2.558932
0.302478 -2.891668
-1.706009 -3.098891
-1.253073 -3.271348
-4.456426 -2.422228
-3.728823 -2.410619
-3.352609 -2.481617
-4.655808 -2.493569
-1.382493 -3.214400
-4.161711 -2.384330
-3.297801 -2.483132
-0.668820 -3.432758
-3.647841 -2.385463
-1.462007 -3.180435
-4.099404 -2.353053
-1.112577 -3.313143
-4.436255 -2.324842
-4.820784 -2.648634
-3.864215 1.605906
-3.955777 -2.308183
-3.585283 -2.380534
-1.531850 -3.154495
-0.315072 -3.361203
-3.910095 1.606455
-1.291402 -3.246246
-4.805644 -2.623416
-4.619130 -2.365643
-3.429411 -2.418976
-3.869995 -2.321395
-0.503313 -3.404418
-4.815108 -2.525581
-0.985125 -3.362280
-1.333182 -3.227298
-4.378566 -2.252950
-3.800346 -2.302472
-4.783083 -2.406044
-1.141530 -3.302276
-3.706540 -2.314640
-4.541953 -2.296689
-3.620121 -2.332263
-4.261415 -2.249476
-2.997399 2.409566
-0.079789 -3.296884
-1.409670 -3.196007
-4.153907 -2.211280
-4.762696 -2.312865
-1.223988 -3.266498
-4.044286 -2.199151
-4.897393 -2.503185
-4.508121 -2.167437
-3.074653 2.348282
-3.929736 -2.224338
-3.841239 -2.237358
-3.784832 -2.240916
-1.037696 -3.344256
-4.899973 -2.429463
-0.174163 -3.340141
-4.711328 -2.222206
-4.461249 -2.134640
-1.298123 -3.237548
-4.868899 -2.366948
-0.783503 -3.429603
-4.657474 -2.099670
-4.231298 -2.078627
-4.351211 -2.088822
-1.093724 -3.319546
-4.140157 -2.101629
-4.859994 -2.274928
-3.930730 -2.165373
-4.005868 -2.135174
-3.198974 2.228727
-4.044989 1.654271
-4.852170 -2.137307
-4.927945 -2.410594
-2.869089 2.454154
-0.382028 -3.423421
-1.175433 -3.284024
0.089513 -3.197948
-4.606968 -2.057206
-4.816657 -2.050555
-4.947130 -2.329104
-4.032597 -2.097093
-0.901094 -3.401231
-3.931442 1.642463
-4.745786 -1.993478
-4.220857 -1.996298
-4.302819 -1.995981
-4.361379 -2.009366
-2.404866 2.843373
-3.321133 2.130204
-3.613450 1.845048
-4.962296 -2.201456
-3.868229 1.665151
-4.504207 -1.996116
0.030806 -3.268693
-3.738034 1.748300
-0.994390 -3.365828
-4.973917 -2.083509
-0.274057 -3.409292
-0.551554 -3.491710
-4.298056 -1.921864
-4.880130 -2.024192
-4.768239 -1.927770
0.232500 -3.016404
-4.358440 -1.891342
-0.086986 -3.346438
-0.145289 -3.388119
-4.408539 -1.913499
-4.882999 -1.900751
-5.019213 -2.211991
-4.696879 -1.884869
-1.076695 -3.325822
-4.505590 -1.862558
-0.675784 -3.483926
-5.056935 -2.100022
-4.624393 -1.843018
-4.436271 -1.808791
-4.175982 1.668585
-5.051893 -2.035944
-0.763292 -3.470833
-4.500988 -1.773246
-4.828115 -1.786273
-5.023840 -1.946450
-4.567289 -1.727266
0.525262 -2.449072
-5.001111 -1.808663
-0.814001 -3.463762
-4.953949 -1.782347
-4.649029 -1.733495
-4.767345 -1.701228
-4.070326 1.677690
-5.108372 -2.017081
-4.570319 -1.693351
-0.371462 -3.489696
-5.130990 -1.942238
-0.884826 -3.427989
-4.611217 -1.665831
-5.110592 -1.892407
-4.692397 -1.615569
-4.878572 -1.593653
-4.782878 -1.617447
-0.264590 -3.470918
-0.181182 -3.459661
-5.096521 -1.651847
-2.967461 2.332886
-5.150205 -1.724638
-0.567838 -3.553632
-4.679843 -1.572785
-3.976067 1.686612
-0.086351 -3.408835
-5.079088 -1.558988
-0.482029 -3.548119
-0.659025 -3.538025
-4.268425 1.655478
-5.180033 -1.879813
-4.728393 -1.539115
-0.739552 -3.510028
-5.214793 -1.801945
-4.814639 -1.472734
-4.930013 -1.396602
0.326945 -2.872098
0.427953 -2.642301
-5.172028 -1.574981
-5.242790 -1.663120
-3.845521 1.732419
-5.051130 -1.390788
-4.779223 -1.455957
-4.232989 1.666081
-0.801669 -3.491761
-3.105846 2.227535
-5.137445 -1.530612
-1.601720 2.818131
-0.012893 -3.365196
-5.245202 -1.550894
-4.855344 -1.384792
0.164500 -3.204108
-5.119540 -1.421605
-5.282804 -1.714115
-4.917692 -1.341543
-5.035731 -1.284710
-5.306622 -1.609207
-0.513139 -3.597552
-0.288689 -3.547182
-4.921409 -1.247317
-0.613967 -3.595540
-5.241388 -1.460215
-5.308321 -1.533616
0.946117 -0.919330
-3.245630 2.094002
-0.182041 -3.521837
-0.102178 -3.499913
-3.677050 1.821226
-4.114068 1.695657
-0.663650 -3.563970
0.278403 -3.013883
-4.426919 1.604914
0.855714 -1.288370
-5.231112 -1.344721
-5.128967 -1.234713
-0.353091 -3.591191
-4.958043 -1.219583
-3.501417 1.927963
-5.321285 -1.401160
-5.034056 -1.165088
-5.356525 -1.560099
-0.705236 -3.545967
-5.322711 -1.303856
-5.381449 -1.458144
-4.988427 -1.115585
-5.247288 -1.186420
-3.992540 1.709758
-4.297160 1.640319
-5.146074 -1.090433
-0.023828 -3.466200
-5.394776 -1.361717
-5.317235 -1.150532
-5.404750 -1.259646
-0.421656 -3.598385
-5.037268 -1.028220
-5.379586 -1.176524
0.121832 -3.318771
-5.429206 -1.397325
-5.201449 -1.051557
-0.123367 -3.536891
-0.167631 -3.569244
-5.037261 -0.958880
-5.451175 -1.331039
-4.208559 1.653200
-5.131831 -0.898056
-0.555297 -3.645080
-4.505784 1.582095
-5.444265 -1.263065
-5.357797 -0.972907
-5.433078 -1.137968
-5.403446 -1.076167
-4.093105 1.666394
-5.086231 -0.897972
-5.204791 -0.865956
-2.667686 2.501930
-0.279128 -3.608048
-5.482383 -1.270874
-0.630007 -3.601320
-5.489881 -1.225267
-2.864274 2.358568
-5.498326 -1.112094
-4.419692 1.590101
-5.072970 -0.789009
-5.306937 -0.824908
-0.049001 -3.518404
0.088602 -3.420483
-0.317749 -3.639590
-5.499386 -0.944228
-5.467339 -0.823815
0.795627 -1.539222
-5.420010 -0.740254
-5.558970 -0.961857
-5.534218 -1.159069
-5.552855 -1.045552
-4.655996 1.511867
-0.100335 -3.577068
-5.178361 -0.741814
-5.115579 -0.665830
-0.358337 -3.693128
-4.351309 1.593517
-5.268528 -0.652508
1.016232 -0.782592
-5.098521 -0.638402
-0.407051 -3.709899
0.336561 -2.910233
-3.813196 1.756221
-5.578461 -0.808375
-2.943630 2.254602
-5.382825 -0.636213
-5.550318 -0.685088
-5.600251 -0.876340
-4.172995 1.640485
-5.602221 -0.910411
0.295272 -3.145515
-5.528076 -0.586481
-4.580863 1.533412
0.042197 -3.510863
-0.500566 -3.676452
-5.110983 -0.566634
-0.135898 -3.637579
-5.613238 -0.640078
-5.233012 -0.522314
-5.155936 -0.574461
0.261029 -3.239385
-5.454462 -0.514462
-4.816741 1.401528
-5.635462 -0.643819
-5.084555 -0.479768
-5.304729 -0.482494
-5.626176 -0.775909
-0.212591 -3.693271
-4.065656 1.664695
-5.612373 -0.470001
-5.394942 -0.420893
0.028960 -3.541746
-5.511147 -0.352816
-4.445853 1.548073
0.367218 -2.795413
0.159381 -3.391551
-5.652213 -0.450882
-5.176342 -0.417456
-0.275855 -3.716126
-5.116324 -0.418885
-5.664180 -0.527878
-5.102193 -0.446121
-4.673361 1.456356
-5.590612 -0.341929
-5.258143 -0.388328
-5.472144 -0.327752
0.328929 -3.035589
-5.062623 -0.339374
-4.958727 1.322969
-0.321029 -3.730047
-5.335362 -0.317404
-5.511252 -0.216598
-5.647301 -0.305195
-5.086977 -0.344380
-3.087398 2.131754
-5.686330 -0.340917
-5.384171 -0.277402
-5.547366 -0.222655
-5.112166 -0.331019
-5.684942 -0.239393
-5.044682 -0.247921
-4.377750 1.541754
-5.629521 -0.215441
-5.491568 -0.159533
-5.179413 -0.259290
0.191817 -3.474287
-0.032015 -3.643441
-5.097633 1.225112
-4.867908 1.333506
-0.405586 -3.722013
-5.674178 -0.076017
-5.537223 -0.112063
-5.284700 -0.246828
-5.071418 -0.250097
-5.709906 -0.132219
-3.562832 1.861843
-4.994348 -0.149121
-5.584753 -0.014622
-5.352362 -0.197997
-5.697932 0.010373
-4.590888 1.456665
-5.654755 0.065727
-5.405623 -0.104570
-0.112156 -3.697381
-5.228107 1.151671
-5.475841 -0.061692
-5.681475 0.105978
-5.113348 -0.194083
-3.394134 1.954816
-5.698041 0.104380
-4.984830 1.269569
-5.519634 0.047680
-5.688671 0.153719
-5.327760 1.102751
0.129644 -3.530287
-5.600241 0.147993
-5.014905 -0.142475
-5.178966 -0.132546
-5.399189 1.027603
-0.161397 -3.729414
0.330878 -3.209455
-5.287328 -0.071745
-5.653931 0.283459
-5.157897 1.172105
-5.462440 0.919061
-5.340390 -0.037884
-5.668122 0.312519
-5.251246 1.120433
-5.391647 0.015480
0.443589 -2.578478
-5.507244 0.844091
0.377472 -2.835386
-5.052156 -0.112442
-1.991744 2.637167
-4.712626 1.387603
-4.957201 -0.049012
-5.565796 0.730915
-5.454093 0.138464
-4.186535 1.579898
-5.629418 0.496539
0.354909 -3.142712
0.304628 -3.292040
-0.270362 -3.762003
-5.511844 0.181463
-5.402711 0.973010
-5.488139 0.863006
-5.540568 0.767586
-5.568561 0.293031
-5.584544 0.662063
-5.585129 0.378999
-5.602842 0.451469
-4.485525 1.474822
-5.591130 0.602202
-5.081328 0.002687
-5.508845 0.752451
-4.904997 1.268321
-5.398867 0.181565
-5.337595 0.120295
-5.437765 0.240084
-5.514278 0.666210
-5.490012 0.313298
0.114363 -3.610606
-5.503016 0.456365
-5.535889 0.520564
-5.259330 0.047221
-5.154324 0.017123
-5.220290 1.086022
-5.406000 0.881485
-5.065054 1.181565
-0.298154 -3.757376
0.370247 -2.923139
-5.428297 0.804438
0.258774 -3.424930
-4.964378 -0.012143
-5.484251 0.657387
-5.342791 0.295309
-5.309533 0.237815
-5.459611 0.572174
-5.390125 0.359613
-5.403106 0.476901
-4.004230 1.627132
-5.366785 0.868778
0.035806 -3.693349
-5.244743 0.210040
-4.990677 0.064708
-5.260599 0.948895
-4.891922 0.047433
-5.380716 0.787924
-4.604903 1.411274
-5.373431 0.699352
-5.175151 0.147258
-5.141921 1.023895
-5.067207 0.102810
-5.348896 0.612551
-5.266695 0.892743
0.238382 -3.516059
-5.314473 0.530946
-0.075701 -3.733383
-5.300436 0.413143
-5.295540 0.801850
0.380292 -3.197421
-4.912480 1.166276
-5.264022 0.305577
-4.761569 1.268398
-5.313717 0.707000
-4.277801 1.512820
-5.168418 0.972777
-0.093286 -3.776920
0.365083 -3.273620
-2.889045 2.266012
0.612117 -2.062289
-5.265315 0.669372
0.383959 -3.012761
-4.909526 0.142334
-5.175440 0.860867
-5.217254 0.769610
-4.976295 0.146089
0.409760 -2.708880
-4.817445 0.165138
-5.051342 1.035938
-5.161083 0.273329
0.687898 -1.706122
-5.018682 0.252674
-5.203410 0.565318
0.199935 -3.608546
-4.778462 0.192201
-5.104856 0.904664
-0.174114 -3.775955
-5.131500 0.730072
-3.803530 1.702171
-5.083732 0.855570
-5.122236 0.477853
0.397662 -2.852546
0.386382 -3.389839
0.174867 -3.664356
-4.889780 0.259529
-4.436752 1.400964
0.390387 -3.125339
-4.985663 0.408577
-4.832619 0.244732
0.103880 -3.722730
0.328737 -3.491469
-4.105085 1.524219
-5.036940 0.657726
-4.707830 0.279335
-4.815817 1.159216
-4.959087 0.794365
-4.898693 0.363084
0.437050 -3.197009
-4.613220 1.252513
-4.966382 0.910595
0.077918 -3.772308
-4.965392 0.580003
-4.643864 0.308563
0.411062 -2.941965
-2.283644 2.482300
0.430301 -2.777096
0.337571 -3.554872
-4.791904 0.377367
-4.918578 0.502986
-0.019750 -3.784858
-3.397023 1.849479
0.521671 -2.267638
-2.930841 2.168606
-4.890127 0.720082
0.435899 -3.307829
0.440216 -3.039004
0.263807 -3.649617
-4.861735 0.841564
-4.630403 0.398830
-2.661460 2.340738
-4.592779 0.364956
-4.659440 0.992686
0.235060 -3.690016
0.414754 -3.412943
-4.226381 1.415735
-4.498232 0.394739
-4.771051 0.453850
0.454648 -2.855085
0.430438 -2.698991
0.475026 -3.118149
0.235012 -3.736668
-4.555270 1.158139
-3.884928 1.583552
0.453422 -2.585880
-4.420713 1.282429
-4.771663 0.672068
0.392343 -3.514409
-4.676215 0.834597
-4.627385 0.501061
0.180512 -3.766129
0.480067 -2.931708
0.472437 -2.502930
-4.587548 0.954631
0.532671 -3.220602
-3.154731 1.944556
0.376774 -3.598257
-4.418856 0.427885
-4.435443 0.431205
-4.510522 0.481954
0.471775 -2.761106
-4.519526 1.043310
0.504347 -3.350511
0.349602 -3.662177
0.524425 -3.025614
0.325071 -3.699175
-3.576124 1.663306
-4.039833 1.455370
-4.564865 0.903624
-4.422711 1.155918
0.490709 -3.411834
-4.458334 0.990738
0.476185 -2.633234
-4.284193 0.471599
-4.567792 0.620946
-4.559728 0.804210
0.494723 -2.849280
0.273536 -3.748480
-4.340001 0.470517
0.562335 -3.132052
0.491458 -3.502954
0.489618 -2.516553
-4.393717 0.498475
-4.505833 0.555466
-2.492260 2.369001
0.940284 -0.421219
0.582664 -3.267964
0.474471 -3.581591
-4.401596 1.048407
0.559595 -2.921419
-4.195476 1.324391
-2.764992 2.183087
0.432048 -3.653718
-4.143975 0.493346
-1.066532 2.724310
0.576230 -3.340909
0.509157 -2.730716
-4.224763 0.494265
-4.399468 0.897205
0.400225 -3.668334
-3.806688 1.550489
-4.354169 1.018216
0.594235 -3.023645
0.574783 -3.415876
-4.241639 0.544206
-4.398482 0.801328
-4.357439 0.682380
-4.308075 0.590317
0.540330 -3.493144
0.630146 -3.144121
0.515264 -2.588814
0.495792 -2.426438
0.970802 0.899113
-3.992020 0.509236
0.553253 -3.540327
-4.240974 1.105119
-4.102886 0.518027
0.494984 -2.220293
0.586113 -2.801461
0.634730 -3.243686
0.493218 -3.616306
-4.108345 0.548025
-3.888336 1.404222
-3.320367 1.754974
0.620587 -2.915479
-4.215979 0.964579
0.659230 -3.334588
0.529804 -2.038617
-3.881832 0.514463
-4.178660 0.601865
0.563706 -2.704614
0.656088 -3.034202
0.643945 -3.403503
-2.881436 2.034798
-4.198461 0.677073
-3.887331 0.530668
-4.255882 0.904972
0.635348 -3.464714
0.516728 -2.457312
-4.224998 0.783057
-3.964119 1.253408
0.698647 -3.135010
0.637535 -2.820144
-3.976489 0.565915
0.674914 -1.167317
-2.584926 2.217469
0.604154 -3.510898
-3.706103 0.503914
0.729690 -3.209190
0.687009 -2.905462
-4.041958 0.616144
-3.971810 1.116234
0.611657 -1.329848
-3.420276 1.625196
0.524278 -1.733229
0.725439 -3.308302
-3.787761 0.527673
-4.043410 0.690489
0.565130 -2.535924
0.724869 -3.371907
0.618668 -2.750141
-3.832746 0.565154
0.716358 -3.039323
-3.498152 0.489756
-4.023700 1.015897
-4.063567 0.742360
-3.583811 1.473911
-2.245638 2.391172
0.729056 -3.387049
0.701505 -2.797304
0.770617 -3.113150
-3.874637 0.608599
-3.593609 0.509137
-0.660818 2.503613
-4.028591 0.852384
-3.902864 0.677350
0.779338 -3.206010
-3.024141 1.839928
0.637245 -2.622435
-3.738193 1.329093
-3.376285 0.475539
0.790657 -3.254395
-3.680338 0.546056
0.711659 -0.919591
0.501501 -2.265320
0.724819 -2.862004
-3.914129 0.750212
-2.082494 2.428596
0.706778 -2.681400
-3.427912 0.505294
-3.816792 1.227422
0.805717 -2.990697
-3.728450 0.616005
0.778528 -3.317756
0.476221 -2.039459
0.540649 -2.390201
-3.824796 1.122128
-2.639313 2.083292
-3.796378 0.651640
0.830456 -3.061062
-3.224908 0.469513
-3.914575 0.857974
-3.526621 0.519698
-3.164930 1.706817
0.849796 -3.127720
-3.772005 0.743806
0.765552 -2.773488
-3.867576 0.975834
-2.374154 2.222625
0.625726 -2.504707
-3.311360 0.480029
-3.273881 1.569764
-3.553858 0.605313
0.838066 -2.856419
0.826559 -3.203347
0.683109 -2.580256
-3.124788 0.425316
-3.385827 1.440150
-3.664588 0.666343
0.556451 -1.503545
-3.733897 0.801792
0.867053 -2.956749
-3.346143 0.531312
-3.564882 1.329862
0.469568 -1.808016
-1.739524 2.516404
-3.664999 0.727192
0.874424 -3.000673
0.752062 -2.656395
-3.179527 0.455873
-1.497622 2.638262
-3.407053 0.601439
-3.013920 0.378933
-3.699357 0.776370
0.843982 -2.729759
-3.639799 1.216216
0.496857 -2.217258
0.884872 -3.037120
0.456232 -2.079057
-3.435208 0.659671
-3.163226 0.477380
0.873492 -2.826538
0.582119 -2.356333
-3.025956 0.397849
0.653906 -2.437075
-3.455885 0.757106
-3.622087 0.929931
0.898776 -2.877016
-2.875642 0.309059
0.744513 -2.529824
-2.770012 1.903036
-3.481164 0.790901
-3.263292 0.584230
-3.558829 1.091825
0.826647 -2.619841
-3.620625 0.834751
-3.081706 0.455984
0.916748 -2.916523
-3.284331 0.637473
-2.920040 0.344361
0.874030 -2.694336
0.437695 -1.533942
0.979512 -0.249426
-2.401862 2.082558
-2.742768 0.239140
-2.996218 1.665293
0.910734 -2.735716
-3.337461 0.731406
-2.847617 1.800325
-3.081775 0.521116
0.605778 -2.299902
-3.394900 0.773231
-2.983023 0.383941
-3.213549 1.494006
0.514411 -2.193495
0.713366 -2.411330
-2.843612 0.301687
-2.122478 2.320049
0.911808 -2.780451
0.777917 -2.494875
-3.135820 0.603855
-3.390851 0.824598
0.800426 -0.764432
-3.348342 1.371667
-2.663995 0.194238
0.847115 -2.568677
-3.382133 0.955681
0.440211 -2.079326
0.383592 -1.852111
-2.996660 0.484458
0.874492 -2.640395
-2.848498 0.332628
-3.178749 0.679173
-2.696189 0.218188
-3.360764 1.065345
0.654707 -2.295636
-3.014848 0.576374
-2.551301 0.115970
0.903928 -2.705938
0.723493 -2.393370
-3.171800 0.760612
0.005307 2.238061
0.564471 -2.203823
0.358932 -1.571066
0.793264 -2.469015
-3.269530 0.834020
-2.852883 0.426866
-2.723696 0.273139
0.816860 -2.507958
-2.620100 0.174391
-3.044090 0.635827
-3.252117 0.906927
0.694229 -2.319274
-3.273391 1.185347
-2.471467 0.066116
-2.889060 0.530199
0.463622 -2.093501
0.404870 -1.959553
0.849667 -2.587455
0.504868 -1.270743
0.718326 -2.346159
0.539150 -1.091509
-2.776238 0.393898
-2.642453 0.214918
-3.040382 0.740328
0.593057 -2.221420
-2.502120 0.105355
0.771933 -2.420208
-2.537688 1.956910
-2.939388 0.605556
-2.396800 0.008304
-2.797976 0.473835
-3.181773 0.976637
-3.051097 0.836532
-1.900242 2.336995
0.633285 -2.258158
-0.446741 2.484204
-2.759776 1.692945
0.414069 -1.364159
1.111355 0.276997
-3.131638 0.907304
0.496863 -2.130727
0.788028 -2.459344
0.378985 -2.001926
-2.651334 0.294874
-2.531758 0.159740
-2.426584 0.052658
0.681698 -2.308197
0.358786 -1.457780
-2.627527 1.866761
-2.219266 2.137424
-2.925090 0.688980
-2.795181 0.539956
-2.325902 -0.042083
-2.653061 0.368079
-2.850534 1.562058
0.533503 -2.167085
0.974058 -0.017455
0.280869 -1.665122
-2.985674 1.377118
-2.554033 0.235911
0.706186 -2.339313
0.412678 -2.042580
0.258698 -1.782700
-2.444874 0.104269
-3.101531 1.113694
-2.343772 -0.014047
0.589513 -0.942532
0.584594 -2.214817
-2.966395 0.776745
-2.688434 0.484057
-2.758384 0.621270
-2.167377 -0.139222
-2.580773 0.318528
0.271738 -1.868793
-2.939772 0.883992
0.426743 -2.086868
-3.027189 0.969566
-2.482790 0.189529
-0.299960 2.410044
-2.359828 0.038192
0.628818 -2.247668
-2.239498 -0.075572
0.280118 -1.540168
-2.673746 0.579926
-2.606867 0.420774
0.291339 -1.927941
-2.059192 -0.190049
0.495452 -2.136293
-2.503484 0.262796
-2.779883 0.728989
-2.364819 0.091885
-2.260172 -0.032285
0.351224 -2.009696
-2.114298 -0.159254
-2.604653 0.518974
-2.015316 2.213985
0.545998 -2.183119
0.208723 -1.689028
-2.519515 0.354259
-1.946680 -0.210129
-2.934093 1.203039
0.207345 -1.780582
-2.658614 0.662439
-2.384130 0.208954
0.377186 -2.046403
-2.749286 0.793502
0.217750 -1.846636
-2.274211 0.060701
-2.591733 1.724617
-2.154889 -0.085705
0.208842 -1.578057
0.350510 -1.211180
-2.532322 0.442505
-2.643906 1.645603
-1.988100 -0.191851
-2.599478 0.611598
0.321726 -1.307826
-1.827875 -0.264014
0.235275 -1.904912
-2.400391 0.295653
0.439419 -2.098787
-2.295448 0.156374
0.266054 -1.368615
-2.537987 0.520761
-2.159377 -0.006214
-2.816899 1.089149
0.393546 -1.037192
-2.769219 0.937296
-2.042637 -0.136158
0.283446 -1.982094
-2.665757 1.518996
-2.413816 0.388147
0.140411 -1.677390
-1.891696 -0.214313
-2.618839 0.734173
-2.272915 1.986607
0.128030 -1.605340
0.145778 -1.781081
-2.431106 1.814195
-2.212569 0.089945
-1.698298 -0.312967
0.196991 -1.482155
-2.272464 0.237522
1.006859 0.197316
-1.750682 2.288947
-2.408316 0.518444
-2.559812 0.676906
-2.084901 -0.066379
0.334346 -2.018883
0.170084 -1.834336
-2.450515 0.598231
0.138421 -1.551759
-1.933115 -0.169913
0.196749 -1.887711
-1.763155 -0.269860
-1.856852 2.255077
-2.317803 0.373674
0.632683 -0.764822
-2.721704 1.368888
-2.217613 0.186103
-1.605747 -0.354073
0.038268 -1.596635
-1.964124 -0.107215
0.057049 -1.671571
-2.337162 0.450665
-2.561116 0.820078
0.075878 -1.535074
0.255202 -1.957493
0.088168 -1.754453
-1.812264 -0.201783
-2.087985 0.113890
-1.984647 -0.019099
-2.350252 0.547639
-2.462386 0.750798
0.078246 -1.422184
-1.634393 -0.332192
-2.440695 1.706786
0.792184 -0.540339
-2.414920 0.635277
0.472409 -0.944941
-2.231354 0.308712
0.120620 -1.818026
0.151615 -1.301710
-1.525772 -0.396144
0.250750 -1.155912
0.089262 -1.359750
-2.622900 1.207372
-2.018908 0.076974
-1.884069 -0.110735
0.216126 -1.221632
-2.602820 1.027980
-2.075908 2.072336
-0.018085 -1.522668
-0.045923 -1.578025
0.142707 -1.849998
-1.699388 -0.237447
-2.267376 0.434085
-2.056702 0.179045
-1.900517 -0.066004
-0.007177 -1.418475
-0.028561 -1.651738
-1.579900 -0.340635
-2.500987 1.565974
0.001332 -1.366852
-0.911081 2.552882
-1.428067 -0.440001
-2.253484 0.518760
0.006031 -1.715170
-1.542474 2.413591
-1.993917 0.138655
-1.918273 0.026061
-1.725713 -0.170726
-0.148084 2.341592
-2.421561 0.907598
-2.272086 0.589872
0.263866 -1.050964
-1.950783 0.086254
-2.327805 0.704462
0.053970 -1.780137
-1.572212 -0.301507
-2.425843 0.811332
-1.434555 -0.408694
-0.136019 -1.501018
-1.812472 -0.076594
-2.060994 0.274353
-0.106143 -1.570620
-0.108331 -1.407624
-1.318338 -0.483562
0.054646 -1.214860
-0.077313 -1.638932
-0.079114 -1.330876
-1.838732 -0.008090
0.169128 -1.151585
-2.474175 1.464554
-1.887308 0.054741
-0.005300 -1.248098
-1.980005 0.216066
-1.634975 -0.186177
0.119374 -1.162150
-1.945425 0.122382
-2.263345 1.768583
-0.039405 -1.688789
-2.082412 0.475318
-1.354573 -0.440262
-1.501721 -0.334241
-1.880425 2.163058
-1.233985 -0.533612
-2.149895 0.558890
-0.196909 -1.477853
-0.178316 -1.424311
-1.668201 -0.118427
-0.168155 -1.559307
-2.212530 0.673956
-0.156381 -1.287140
-2.217810 1.877987
-2.449501 1.338840
0.253245 2.127987
-1.693316 -0.046181
-1.262450 -0.483858
-2.347599 1.216415
-0.133541 -1.586341
-2.302027 1.664986
-1.893064 0.215191
-1.540801 -0.231665
-1.795844 0.070362
-1.102894 -0.620208
-1.373330 -0.411300
-2.225337 0.780227
-1.963205 0.309571
-0.132553 -1.209174
-0.270147 -1.390628
0.530042 -0.789764
-0.261684 -1.435708
0.173520 -1.002031
-2.306195 0.977272
0.316486 -0.899741
-0.252235 -1.296323
-1.170155 -0.538622
-0.080200 -1.169766
0.081883 -1.048480
-2.288877 0.868119
-0.207183 -1.517934
0.026841 -1.099127
-1.047060 -0.688028
-1.279404 -0.437633
-1.423872 -0.262415
-1.823532 0.216943
-2.058640 1.956830
-1.849583 0.306897
-0.230656 -1.176200
-2.068271 0.631343
-0.331775 -1.334061
-1.070622 -0.625097
-1.593482 -0.089172
-1.756371 2.174980
-1.762613 0.169012
-0.325834 -1.268311
-0.305153 -1.397066
-0.922320 -0.730226
-2.005137 0.525235
-2.117018 0.735254
-1.661511 0.059702
-1.195778 -0.476685
-0.307644 -1.170601
-1.462081 -0.191654
-1.897173 0.419701
-0.369800 -1.261202
-0.969632 -0.689362
-2.295290 1.495701
-0.391596 -1.272058
-1.302919 -0.355771
-0.848986 -0.770271
-0.404036 -1.157706
1.026110 0.635632
-1.099092 -0.535470
-0.422368 -1.151743
-0.195109 -1.102783
-0.430102 -1.193905
-0.758328 -0.826772
-2.096299 0.829634
-0.653702 -0.902083
-0.891729 -0.743206
-0.526253 -1.019926
-1.739683 0.271751
-0.988906 -0.592878
-1.516117 -0.086333
-1.231345 -0.387922
-2.173825 1.728165
-1.373457 -0.240600
-0.127211 -1.057218
-0.922234 -0.676606
-0.305098 -1.064742
-0.431042 -1.048925
-0.015162 -0.995790
-2.300803 1.404117
-0.757763 -0.800932
-1.811560 0.389618
-1.572826 0.065819
0.188029 -0.913233
-1.630155 0.142809
-1.116988 -0.466349
0.076156 -0.942418
-1.888272 2.001856
-1.964355 0.648980
0.613264 -0.565059
0.324888 -0.726457
-0.983108 -0.546457
-0.847455 -0.684259
-1.239007 -0.320051
-2.100147 0.912717
-0.888106 -0.640198
-1.414778 -0.121834
-1.852960 0.475263
-2.029022 0.751739
-1.270144 2.411988
-0.565840 -0.902208
-1.128663 -0.348582
-0.683073 -0.743018
-2.138172 1.603908
-0.997117 -0.462641
-0.280800 -0.948245
-1.463240 -0.000693
-1.273700 -0.187919
-0.903733 -0.552272
-0.819384 -0.617890
-1.657024 0.311797
-2.025958 1.803900
-0.125053 -0.921043
-0.442766 -0.870902
-1.963751 0.831365
-1.506348 0.134986
0.230251 -0.687450
-0.063688 -0.869204
-0.560140 -0.787789
-1.582046 2.206199
-0.074620 2.241822
-1.722970 2.077115
-1.135671 -0.246647
-1.732375 0.454914
-1.340632 -0.035149
-1.856577 0.731269
-0.709844 -0.613187
-2.188687 1.455750
-1.050379 -0.329268
-0.934299 -0.437370
-0.789522 -0.513088
-1.853333 0.627857
-2.178123 1.358656
-0.242434 -0.824884
0.506390 -0.607481
0.042096 -0.796421
-0.135028 -0.817335
-0.468184 -0.734802
-0.383260 -0.758388
-1.958951 0.909414
-1.868618 1.873860
-1.164165 -0.104373
-1.417437 0.118124
-0.565947 -0.637390
0.125903 -0.679101
-2.044246 1.256138
-0.719621 -0.483437
-1.977729 1.656551
-1.047567 -0.215118
-0.779407 -0.402970
0.371367 -0.612796
-1.536213 0.401353
-1.507066 0.256126
-0.938397 -0.269748
0.428043 1.882235
0.243491 -0.610084
-0.229922 -0.699372
-1.820833 0.808487
-1.620658 0.572467
-0.522902 -0.616808
-0.427490 -0.669471
-1.221308 0.009648
-0.097257 -0.713238
-0.364114 -0.675138
-1.697407 0.707794
-0.624914 -0.493314
0.188490 -0.632216
-1.737159 1.948812
-1.885372 1.037753
-0.736655 -0.377230
-1.078472 -0.083881
0.775466 -0.293141
-1.601513 2.072062
0.038137 -0.642114
-1.975690 1.357435
-0.323492 -0.591391
-0.830864 -0.280546
-0.505059 -0.524517
-1.809508 1.760805
-0.948270 -0.175282
-1.331403 0.203982
-0.398133 -0.572077
-1.920329 1.524539
-1.472564 0.500504
-0.213555 -0.582591
0.088487 -0.579558
-0.623468 -0.364932
-1.391823 0.366756
-1.768139 0.911984
-1.580662 0.659592
-1.621993 1.987484
-1.669697 0.787592
-1.128011 0.084608
0.183516 -0.532653
-0.483996 -0.432301
-1.721091 1.834115
-0.357173 -0.482457
-0.708893 -0.283831
-0.145971 -0.547795
-1.812059 1.217044
-0.989026 -0.052053
-0.846017 -0.157351
0.022437 -0.526804
-1.738628 1.613828
0.214022 -0.457829
-1.441848 0.583256
-1.503555 0.717451
-1.616783 1.891120
0.083240 -0.480919
-0.593728 -0.291330
-1.236280 0.327824
-0.221107 -0.473279
-1.397880 2.235897
-1.342872 0.459041
-1.710244 1.035380
-1.648214 0.868783
-0.565022 2.366466
-1.777722 1.368226
0.358281 -0.467213
-1.686028 1.727177
-0.414586 -0.311890
-1.050434 0.169012
-0.726580 -0.133529
0.564298 -0.313180
-0.860373 0.070386
-0.739420 2.269570
-0.155821 -0.435851
0.444907 -0.310015
0.949305 0.950961
0.102357 -0.385552
-1.617546 1.825392
-1.354872 0.602173
-0.001228 -0.376162
-1.682851 1.524595
-1.415676 2.058811
-1.464056 1.940481
-1.643281 1.218260
1.038054 0.415929
-0.271983 -0.236378
-1.186013 0.444864
-0.613677 -0.070038
-1.623701 1.625245
-1.039830 0.322879
-1.409340 0.788212
-0.863073 0.223267
-0.706175 0.088674
-1.558232 1.678845
-0.965008 2.320968
-1.446579 0.988693
-0.144233 -0.237164
-0.410238 2.361854
0.146549 -0.270203
-1.522394 1.838526
-1.585460 1.340319
-1.199902 0.624522
-0.008922 -0.241670
-0.390828 -0.115051
-1.535729 1.505979
-1.075653 0.564113
-0.608827 0.088838
-0.739747 0.232945
-0.879866 0.362898
-1.512314 1.598792
-1.140209 2.132814
-1.419886 1.146685
-1.202936 0.787002
-0.263559 -0.099860
-1.334285 1.902699
-1.258214 2.033590
0.293302 -0.226065
-0.124356 -0.130592
-1.382349 1.690467
-0.339077 2.290900
-1.420478 1.319982
-1.351557 1.798840
-1.030463 0.653740
-0.407610 0.081199
-0.001178 -0.120809
-0.638311 0.219620
-1.246202 1.005406
-0.790519 0.402790
-0.900168 0.501035
-1.368316 1.441011
0.778680 -0.057178
0.399336 -0.158835
-1.350997 1.601616
0.108950 -0.083824
-0.162163 2.186334
-1.059757 0.765126
-1.246547 1.153312
-0.306688 0.068068
-0.939111 0.676882
-0.787699 0.490531
-1.220175 1.901948
-0.156470 0.061598
-0.678594 0.450506
0.532586 -0.108856
0.976209 0.306156
-1.223105 1.811898
-1.261493 1.660910
0.858999 0.141058
-1.205815 1.333554
-0.431959 0.269853
-0.038393 0.028286
-1.198510 1.504399
-1.093662 1.978541
-1.074703 0.963021
0.208907 -0.005641
-0.950380 0.832352
-0.010450 0.119091
-0.270418 0.224407
-1.031179 1.156321
-0.850599 0.755188
-0.936582 2.026344
-0.569413 2.174228
-1.080265 1.813681
-0.123902 0.146858
-0.569385 0.505528
-0.899872 0.964490
-1.044109 1.315845
-1.078146 1.652550
0.944537 0.768092
-0.840183 0.879057
-0.703133 2.097705
-1.007701 1.483842
-0.357512 0.363475
0.073193 2.077998
0.335422 0.050166
-0.220613 0.273416
-0.696287 0.815054
-0.953502 1.175827
-0.076247 0.229042
-0.777259 0.989415
-0.898565 1.822460
0.057359 0.185535
0.886743 0.998516
-0.396493 2.139761
-0.962611 1.646380
-0.487517 0.600084
-0.874706 1.304520
-0.279548 0.471723
0.439803 0.169620
-0.772932 1.152711
0.944734 0.585986
-0.646215 0.938030
-0.238206 2.067329
-0.807999 1.413730
-0.708175 1.829330
-0.053793 2.150355
-0.115060 0.441430
0.626621 0.279124
0.286530 1.980703
0.499277 1.759051
0.378456 1.906179
-0.735055 1.274224
-0.631276 1.091852
-0.712484 1.578457
-0.457641 0.904683
0.299706 0.234293
-0.287499 0.677561
-0.542445 1.896469
0.717686 0.331324
0.816549 0.489490
-0.649973 1.368532
-0.606498 1.208835
-0.438332 1.032706
0.846726 0.840312
-0.142607 0.698491
-0.306722 0.829379
0.354178 0.434122
-0.498524 1.633180
-0.326965 1.841957
-0.480731 1.233291
-0.494688 1.394669
-0.345941 1.072338
0.170158 0.598458
0.898441 0.670337
0.522928 0.443414
-0.152095 0.859632
0.153757 1.965425
-0.361636 1.274325
-0.358077 1.706215
-0.140900 1.839176
-0.359225 1.463775
0.632077 0.579087
0.870822 0.896604
0.427540 1.796474
-0.196485 1.038391
0.390447 1.839160
0.271695 0.661500
0.049727 0.856618
0.043391 1.863298
0.748113 0.613308
0.283897 1.876351
-0.240816 1.322866
-0.189567 1.707117
-0.212064 1.446267
0.873133 0.945050
0.402968 0.726490
0.809101 0.818927
-0.003421 1.062034
0.179871 1.867572
0.182577 0.866004
-0.089754 1.295670
-0.047441 1.669906
0.483510 0.783677
0.352472 1.837936
-0.083682 1.489470
0.124875 1.826158
0.088438 1.134003
0.647442 0.791209
0.864447 1.057614
0.266142 0.922576
0.739022 0.902945
0.297854 1.840701
0.238777 1.835164
0.067333 1.656512
0.081577 1.287923
0.064732 1.432633
0.180715 1.751972
0.783815 1.018524
0.374293 1.813889
0.324842 1.813787
0.820687 1.100930
0.448475 0.924461
0.785962 0.929761
0.212090 1.117922
0.620193 0.930545
0.448170 1.727695
0.150694 1.642917
0.254633 1.756195
0.308391 1.771172
0.126206 1.324800
0.118471 1.448986
0.491721 1.717131
0.511137 1.669147
0.221770 1.633523
0.815516 1.121937
0.325447 1.146238
0.381258 1.723528
0.593756 0.989340
0.477751 1.050332
0.217684 1.498664
0.281847 1.631102
0.217549 1.327740
0.696876 1.079438
0.333276 1.691131
0.675654 1.041542
0.545975 1.639395
0.418074 1.642936
0.357646 1.180298
0.464334 1.621057
0.276775 1.503582
0.488748 1.128614
0.294713 1.368138
0.694067 1.133703
0.376869 1.626580
0.589622 1.119616
0.642839 1.116438
0.547754 1.598741
0.339588 1.542180
0.403254 1.276196
0.436529 1.581584
0.350937 1.391986
0.498683 1.196102
0.483433 1.599238
0.575579 1.172058
0.664825 1.164872
0.393198 1.497903
0.528982 1.584736
0.434236 1.316519
0.531358 1.245844
0.395573 1.416752
0.619597 1.172875
0.515964 1.557336
0.476601 1.496663
0.462886 1.327064
0.454081 1.421124
0.624999 1.212890
0.525978 1.547330
0.525046 1.281100
0.500258 1.478042
0.487069 1.368892
0.518522 1.548805
0.502481 1.495708
0.670921 3.483593
3.115799 3.548185
3.340514 3.593805
4.406062 3.134474
4.501579 3.369965
3.624671 3.827184
3.685860 3.855686
3.804252 3.891729
4.970149 3.590016
5.589256 3.256492
2.092934 3.961915
-2.675863 3.250496
-2.863034 -3.312712
-2.915219 -2.248223
-2.965590 -1.909754
-3.455444 0.398687
-3.601039 -4.926892
-1.309488 2.951125
-4.724042 -2.834119
-4.768129 -2.791868
-0.512422 -3.646876
-5.631265 0.195786
-2.087381 0.025190
-1.847334 0.151968
-1.551971 -0.171881
-2.254964 1.292778
-2.135967 1.059110
