72 2
-2.042496 -5.292009
-1.879785 -4.920919
-1.718486 -4.501999
-1.494337 -3.958079
-1.203752 -3.430355
-0.908557 -2.942564
-0.323305 -3.193913
0.230127 -3.407775
0.811745 -3.491168
1.333645 -3.414197
1.876635 -3.099390
2.229025 -2.566555
-1.144685 -2.273437
2.331358 -1.996398
-3.817286 -2.405976
-3.474602 -2.269482
-2.966793 -2.078651
-2.488749 -1.914232
-1.946567 -1.727245
-1.299175 -1.550005
-0.604766 -1.541950
-0.042622 -1.586051
0.504169 -1.639176
1.044483 -1.625317
1.616919 -1.512197
2.200800 -1.410470
-1.381507 -0.767794
2.279891 -0.739950
-4.055544 0.135542
-3.679106 0.111939
-3.192589 0.087793
-2.660314 0.083881
-2.037058 0.056903
-1.381860 0.080729
-0.711017 0.043344
-0.140834 -0.002078
0.393757 -0.018819
0.938924 -0.041106
1.568744 -0.048440
2.136211 -0.086027
-1.328041 0.831002
2.259665 0.526203
-3.726114 2.525590
-3.417973 2.359045
-2.983686 2.169067
-2.480093 1.975098
-1.897622 1.802685
-1.234928 1.647949
-0.623084 1.614498
-0.042211 1.593154
0.487757 1.589149
1.024724 1.528725
1.629079 1.384114
2.196035 1.257895
-1.047860 2.347502
2.486507 1.931513
-1.370971 5.770164
-1.201183 5.424147
-1.069335 4.960797
-0.934807 4.413680
-0.842228 3.831463
-0.901506 3.167873
-0.195993 3.278079
0.411736 3.378998
0.999040 3.397284
1.566314 3.274777
2.078008 2.988787
2.556897 2.554427
-1.440769 3.315049
3.077327 2.721681
-1.922308 3.481770
3.474331 2.800282
