4475 2
-3.182888 -5.394654
0.223846 0.727861
-0.579033 0.358342
1.564274 -3.309981
0.577349 0.363519
-1.177925 -0.189941
-4.647339 -1.193661
2.975048 -1.671904
4.398124 -2.480146
-3.709940 5.724170
-3.899765 1.575131
2.935964 -0.190048
5.376127 -2.306363
5.311881 1.507328
7.249247 0.628250
6.558991 2.511892
0.804261 -1.228675
4.671986 -1.060827
4.757789 0.149358
-2.149116 -4.045309
-2.179135 0.319882
-1.020741 -2.057745
3.179175 1.268074
-2.741197 -0.534232
1.766331 2.433237
-0.310664 2.174061
1.846950 0.593791
-3.390498 -1.211896
-3.380919 -5.405078
-3.480943 -5.532466
-3.189692 -5.516078
-3.321232 -5.079840
-3.096362 -5.513523
-2.885622 -5.469639
-3.150556 -5.607854
-3.024691 -5.602664
-3.483456 -5.589528
-2.908341 -5.177455
-2.835062 -5.186787
-3.386338 -5.773884
-3.368139 -5.595246
-2.957134 -5.404059
-3.414379 -5.571050
-3.468428 -5.277166
-2.633794 -5.601506
-2.314964 -5.756943
-2.338845 -5.682292
-2.332070 -5.641605
-2.286966 -5.631386
-2.391743 -5.605797
-2.407683 -5.614470
-2.362136 -5.597004
-2.360806 -5.604082
-2.381143 -5.535786
-3.013532 -5.444884
-2.926599 -6.430044
-2.964811 -6.731111
-2.728038 -6.507410
-2.554934 -6.514214
-2.888214 -6.614822
-2.862787 -6.619845
-3.062007 -6.512387
-2.837673 -6.695342
-4.149579 -5.592977
-2.800138 -6.726719
-2.808064 -6.647833
-2.991066 -6.474770
-2.823253 -6.507906
-2.742789 -6.613438
-2.985312 -6.644838
-2.659857 -6.333982
-2.961667 -6.630116
-2.755662 -6.666270
-2.998172 -6.736025
-2.731056 -6.601574
-2.669753 -6.878313
-3.053455 -6.756122
-3.140314 -7.055912
-2.872440 -6.564149
-4.037741 -5.472414
-4.007709 -5.593207
-4.277102 -5.184946
-4.216127 -5.312645
-4.199348 -5.345726
-3.820872 -5.217930
-4.245738 -5.650406
-4.175274 -5.594885
-4.060643 -5.382715
-4.263951 -5.736060
-3.999472 -5.599958
-4.099001 -5.388483
-4.208334 -5.598493
-2.945261 -5.378583
-3.032508 -5.524157
-3.190727 -5.435857
1.940586 5.804168
2.132127 6.231945
2.065015 6.183469
2.314714 5.746274
2.375657 5.889462
2.093302 5.073537
2.507096 6.016365
1.990933 5.863121
2.258592 6.145730
2.007661 6.170069
2.266514 5.691804
1.946256 5.688390
2.155102 6.120792
2.436786 5.963165
2.398862 5.642104
2.431567 5.981618
2.010232 6.080766
2.487918 5.857024
1.897676 5.938882
2.014966 6.153207
2.087035 6.451864
2.095141 6.742455
2.178588 6.708381
2.415522 6.020771
2.178514 5.765563
2.005424 5.999408
1.933864 5.834032
2.070749 6.021598
1.911763 6.007854
1.974121 6.047079
2.567686 6.161715
2.408278 6.198395
2.683180 6.297109
2.779352 6.283209
2.007195 5.631784
-0.015925 0.732880
0.423040 0.743807
0.105639 1.084949
1.439370 1.000355
-0.153417 -1.320370
0.254234 1.675665
-0.347048 0.545202
0.098766 -0.093864
0.239242 1.009668
0.617192 1.030947
0.417226 0.995262
0.285252 1.066677
0.354269 0.916786
0.417307 1.009632
0.123142 1.036853
0.123616 0.879753
-0.475776 0.474599
-1.270353 0.172076
-0.325431 0.491761
-1.302607 0.538358
0.390644 0.142684
-4.632443 0.295410
-4.782451 0.639379
-0.930739 -0.637823
2.176815 3.317109
2.400790 3.581001
2.264701 3.585524
-0.924823 -0.917352
-0.999378 -1.338392
-2.249389 -1.519443
-3.216562 -0.970010
-3.141751 -1.236332
-3.234519 -1.038279
-3.283872 -1.210611
-3.373916 -0.581298
-2.411583 -1.442748
-3.243218 -0.955239
-3.444573 -0.966550
-3.293103 -1.087385
-3.133732 -1.234731
-3.248260 -1.223466
-3.317205 -1.259004
-2.584055 -1.645790
-2.530170 -1.645983
-2.506530 -1.842399
-2.415401 -1.771162
-2.327094 -1.918028
-1.719985 -1.207593
-2.547125 -1.825997
-2.464862 -1.761368
-2.698035 -1.892260
-2.716936 -1.733611
-2.475403 -1.988426
-2.637017 -1.752539
-2.430290 -1.837886
-2.328782 -1.351883
-0.234947 -1.393440
-0.282441 -1.299180
-0.580217 -1.400594
-0.515487 -1.448892
-0.223244 -1.335243
-0.387581 -1.299128
-0.336340 -1.329055
-0.241604 -1.398987
-0.483840 -1.189539
-0.379031 -1.138185
-0.270158 -1.520881
-0.382895 -0.619615
-1.052441 -0.906221
-1.911146 -0.425800
-0.713795 -0.409132
-1.046060 -0.638449
-0.848135 -0.795167
-0.966763 -0.947077
-0.815041 -0.762457
-1.149386 -0.954428
-1.195589 -0.602985
-0.998698 -0.584397
-1.111110 -0.951661
-1.018452 -0.498164
-1.337402 -0.455623
-1.144179 -0.921704
-0.915530 -0.560991
-0.016441 -0.909202
-0.973675 -0.910585
-0.799590 -0.463003
-1.169294 -0.670076
-0.763616 -0.869399
-0.997555 -0.581366
-1.094216 -0.729581
-0.851046 -0.668891
-0.828268 -0.619362
-0.185170 -0.403331
0.043544 -0.421881
0.026783 -0.229602
0.087570 -0.257391
-0.034157 -0.334918
0.010911 -0.202189
-1.174584 -0.703406
0.245772 -0.117863
0.120556 -0.168960
0.188750 -0.434925
-0.109766 -0.513421
0.046257 -0.141954
0.130951 -0.242896
0.112244 -0.077376
0.126845 -0.201755
0.038779 -0.252882
0.098876 -0.184161
-1.100741 -0.580276
-1.698240 -0.834172
-2.140636 -0.856951
-1.994955 -1.003309
-1.960611 -0.666197
-1.943867 -0.667641
-1.740802 -0.839497
-1.665851 -1.073003
-2.067421 -0.658748
-1.935629 -0.845607
-1.144264 -0.502907
-0.855017 0.113297
-0.747031 0.124530
-0.903975 -0.195325
-1.115039 0.308590
-1.149433 0.300018
-1.067766 -0.572724
-0.887186 -0.550250
-1.347241 -0.974547
-0.358453 -0.759090
-0.765435 -0.863604
-0.420474 -0.486402
-1.402154 -0.746955
-0.409701 -0.379777
-0.282218 -0.298451
-0.771906 -0.822931
-1.053555 -0.503618
-2.545334 -0.640301
-3.457360 -0.308005
-2.870218 -0.379281
-3.466188 -0.206269
-2.961699 -0.536321
-3.470788 -0.251428
-2.807595 0.237743
1.637594 0.034887
-0.675080 -0.560535
0.449311 0.697456
0.086160 0.616245
-0.772925 0.309819
-0.513895 0.181603
0.811673 -0.066352
-0.642749 0.467727
-1.099656 1.931907
-0.910966 0.677133
1.967359 -0.284207
-0.868235 0.546951
-0.426788 0.188022
-0.465528 0.855990
-1.440225 1.172426
-0.538212 0.534097
-0.417591 0.569954
-0.314879 -0.500684
-0.490302 0.703539
-2.298262 3.573433
-0.517314 0.578828
-0.631115 0.668752
-1.349625 -0.983347
-0.607618 -0.678445
-0.955642 -0.885265
-1.235867 -0.406865
-1.335844 0.456312
-1.685094 -0.464559
-1.074051 -1.073120
-1.073522 0.105662
2.322796 -3.202490
2.295065 -3.310646
2.596319 -3.207072
2.609732 -3.201275
2.534516 -3.213205
2.598377 -2.933828
2.233696 -3.422657
2.535389 -3.202873
2.622163 -3.193781
2.527031 -3.186737
1.428144 -3.748633
1.439295 -3.969796
1.557157 -3.970068
1.609725 -4.044551
1.982265 -4.154865
2.276324 -4.405380
2.133453 -4.486603
2.093349 -4.301382
2.179458 -4.425868
2.091333 -4.509450
2.088018 -4.573786
2.306239 -4.303413
2.268298 -4.469886
2.223086 -4.395299
1.997728 -4.504842
2.146150 -4.402261
2.212370 -4.542211
2.282728 -4.443686
2.208248 -4.479546
2.350380 -4.355218
1.169896 -3.027920
1.373814 -3.455168
1.639084 -2.964238
1.785609 -3.463970
1.664945 -3.378267
1.562009 -3.538778
1.646701 -3.290415
1.318712 -3.594102
1.411446 -3.487196
1.222186 -3.374400
1.216398 -3.418369
1.557738 -3.129372
1.538731 -3.190200
1.157685 -3.298446
1.174065 -3.199216
1.593083 -3.139537
1.609804 -3.459259
1.791397 -3.158410
1.733456 -3.454703
1.587568 -3.451943
2.277896 -2.453586
1.117017 -2.228234
1.825992 -3.128866
1.393031 -3.563807
1.436213 -3.322787
1.685516 -3.601379
1.397382 -3.541182
1.194296 -3.251167
1.428398 -3.598145
1.427411 -3.608610
1.366688 -3.571913
1.134712 -3.247251
1.485609 -3.476768
1.263015 -3.464767
1.454709 -3.532296
1.511665 -3.645970
1.412301 -3.487675
1.169557 -3.505295
1.297871 -3.410214
1.775761 -3.201844
2.664926 -3.792443
2.688726 -4.144624
3.023427 -3.978589
2.944118 -3.872938
3.094578 -3.852545
3.052001 -3.887636
3.097387 -3.900975
3.083782 -3.962861
3.014446 -3.936046
2.960020 -3.643755
3.032995 -3.855388
3.068748 -3.922256
3.072670 -3.970949
3.027281 -3.976008
3.118581 -3.981454
1.403542 -3.519638
1.758679 -3.488288
1.298407 -3.474786
1.680087 -3.694652
1.679007 -3.443391
0.685374 -2.379110
0.739607 -2.516854
1.615071 -2.910335
1.792824 -3.108430
1.172169 -3.603420
1.462208 -3.415063
1.126392 -3.395459
1.742600 -3.215873
1.796038 -3.152483
1.470309 -3.463535
1.701167 -3.165803
1.637919 -3.353272
1.324788 -2.982969
1.316807 -3.017872
1.723976 -3.308318
2.311833 -3.482638
2.352795 -3.746447
3.085313 -2.733934
2.660969 -3.637307
2.409550 -3.738537
2.030787 -3.653803
2.127679 -3.544872
2.614451 -3.528136
2.439693 -3.733447
2.211940 -3.836046
2.305964 -3.707376
2.508467 -3.534764
2.308798 -3.799423
2.491674 -3.668192
2.559916 -3.736508
2.567756 -3.673890
2.428455 -3.789346
2.260620 -3.669420
2.256856 -3.574435
2.280703 -3.564543
2.232360 -3.657907
2.492379 -3.766075
2.378290 -3.676221
0.389633 0.331743
0.786878 0.244988
0.523950 0.622825
0.674001 0.381140
0.827989 0.247461
1.361627 0.072765
1.418167 0.113625
1.523843 0.084742
1.069673 0.291560
1.106915 0.246330
1.296413 0.203007
1.427753 0.309733
1.343942 0.319181
1.193508 0.468265
1.342053 0.067701
1.476770 0.135518
1.284708 -0.255711
1.113313 0.748457
0.995474 0.743989
1.320542 0.858332
1.261084 1.118085
0.444633 0.296807
0.645258 -0.254203
0.689112 -0.455332
0.743547 0.426824
0.607146 0.389222
0.659712 0.256958
0.881524 0.382515
0.487564 0.253009
0.625510 0.458141
-0.098016 -6.173067
0.362641 -5.178533
0.105898 -5.613235
0.504241 -6.498875
0.036621 -6.298211
0.907995 -6.316790
0.701910 -5.470896
-0.129802 -5.872291
0.573618 -6.384310
0.604812 -5.331405
1.107471 -5.852259
1.082460 -5.863317
1.001881 -5.986274
-0.161101 -6.124367
0.314636 -6.413996
0.264443 -6.049843
-0.002150 -6.225389
0.533361 -6.450264
-0.239805 -5.701964
-0.126125 -6.071764
0.002785 -6.260308
0.899372 -6.265218
-0.232898 -5.828315
-0.194939 -5.910808
0.338401 -5.338154
-0.103782 -6.240110
0.672108 -5.407902
-0.150530 -5.939435
0.252638 -6.353997
0.855654 -6.123685
0.518865 -6.525155
1.063171 -6.160014
0.244619 -6.421790
-0.050054 -5.652812
-0.091559 -5.841069
-0.194383 -5.963585
0.787756 -6.271708
0.627618 -5.413745
-0.009989 -5.952927
0.929244 -5.763021
1.034049 -5.965706
-0.207052 -6.163339
0.495259 -6.401505
0.995979 -5.842633
0.685518 -6.559324
0.048114 -6.364196
0.777863 -6.458694
0.997949 -6.262371
1.013441 -6.086057
0.127930 -6.311944
0.660422 -6.411589
-0.101341 -5.711647
-0.233394 -5.856355
0.127515 -5.463646
0.953546 -5.728053
0.788821 -6.368191
0.921519 -6.118894
-0.133217 -6.165288
-0.140371 -6.146174
1.086897 -5.818198
-0.149569 -5.963457
0.344921 -6.552663
-0.083753 -6.347228
0.681297 -5.362122
0.829433 -5.336523
0.962515 -6.120386
1.065465 -5.914457
0.771148 -6.288217
0.782688 -6.490029
0.896752 -5.648936
-0.127543 -5.487525
0.493499 -6.529184
0.549653 -5.388438
0.643345 -5.343744
0.677007 -5.284704
0.224937 -6.384155
-0.193094 -5.875740
0.645483 -6.047563
-0.040948 -6.267363
0.252785 -6.466024
0.060385 -5.510711
1.008215 -6.067230
0.401951 -5.295727
0.912862 -5.699204
-0.151246 -5.632846
0.088337 -5.504076
0.764993 -6.376322
0.201376 -6.292941
0.355217 -5.334080
1.096251 -5.821513
0.678766 -6.427299
0.899551 -5.533672
0.207857 -6.444919
0.928356 -5.667890
0.463454 -5.356500
0.789034 -5.903884
0.143742 -6.375995
0.403820 -5.379801
0.099842 -6.225417
-0.095865 -6.186667
-0.038215 -5.744848
-0.153379 -5.667376
0.014965 -5.507191
0.661736 -6.297246
0.392297 -6.303501
0.902877 -5.462768
0.581285 -6.420738
0.136917 -6.397858
0.679867 -5.368806
0.998209 -6.057372
-0.225739 -5.648264
0.135290 -6.085729
0.711056 -5.428392
-0.213422 -5.736411
0.191737 -5.564369
0.210588 -6.420334
0.554410 -5.336347
0.894267 -5.857532
-0.185048 -5.942567
-0.203800 -5.819033
-0.031564 -6.281682
-0.104989 -6.024568
1.043471 -5.958259
0.944819 -6.208513
0.187699 -5.451379
0.170763 -5.396544
-0.063644 -5.572414
-0.029964 -6.447729
1.065375 -5.828741
0.086031 -5.452190
0.868886 -5.544922
0.504452 -5.425948
1.100368 -5.886388
0.544277 -5.319905
-0.110199 -5.489130
0.659484 -5.526739
-0.120577 -5.494775
-0.267275 -5.835806
0.670783 -6.373453
0.154830 -6.454612
0.951154 -5.997378
0.473180 -5.390508
1.075242 -5.817183
0.649809 -5.263823
0.811937 -6.272964
-0.102805 -6.183205
0.931491 -5.720937
0.209166 -5.328237
0.828059 -5.208302
0.202436 -5.343833
0.738624 -5.364516
0.278528 -5.293367
0.861489 -5.521798
0.346840 -5.286743
0.286788 -6.328948
-0.015553 -6.215482
0.895730 -5.610804
0.053216 -5.595128
0.392400 -6.485604
0.903018 -6.331772
0.355789 -6.417301
-0.053148 -5.578747
0.292948 -5.241087
1.025703 -5.717649
0.220285 -6.464745
0.925586 -6.306464
0.709175 -5.251894
0.158804 -5.439134
0.958447 -5.841535
0.508673 -5.203571
0.168007 -5.391434
-0.073339 -5.780876
0.639904 -6.423697
0.886283 -6.091657
0.028363 -5.468232
0.906463 -6.020445
-0.061660 -5.550593
0.762091 -6.488061
0.542067 -6.353123
-0.166418 -5.951845
0.698203 -5.356194
-0.223207 -6.061560
0.877363 -6.082923
-0.058692 -6.169615
0.889025 -5.567873
0.629496 -5.344868
0.549722 -5.266630
0.220384 -6.501381
0.977895 -5.984478
0.004126 -6.105444
-0.152101 -5.625314
0.216714 -6.377429
0.756456 -5.316630
0.481504 -6.393641
0.704267 -5.449800
0.800673 -5.338126
0.856116 -6.150920
0.812312 -5.437285
-0.095555 -6.125151
0.776791 -6.293386
1.027879 -5.584149
-0.086288 -5.610520
-0.145259 -5.715664
0.577981 -6.336825
0.772182 -5.423884
1.118900 -6.058797
0.882721 -5.989325
-0.184617 -6.250252
-0.050212 -6.034359
0.026477 -6.286975
0.469780 -5.314034
0.169784 -5.353333
0.146193 -5.618645
0.167645 -6.429317
0.544408 -5.385794
0.207732 -5.329048
0.022468 -6.387871
-0.222203 -5.731844
0.619595 -6.492726
1.015465 -6.209910
0.581274 -5.311508
-0.264358 -6.020279
1.005640 -6.249299
-0.141109 -5.655058
-0.016212 -5.593287
0.000109 -6.230052
0.730415 -6.331530
0.329016 -6.595667
0.865448 -6.325296
-0.114572 -6.080052
0.360975 -5.361626
0.916750 -6.132329
1.061849 -6.228009
0.515597 -5.261209
0.487923 -5.295155
0.967706 -6.086166
0.048584 -5.455415
-0.037364 -5.625011
-0.162796 -5.917686
-0.111171 -5.707392
0.772981 -6.266580
0.299644 -5.356021
0.952421 -5.661413
0.748092 -6.337922
-0.049420 -5.406301
-0.023630 -6.212118
0.949821 -5.940205
0.230658 -6.498534
-0.221143 -5.627389
0.334690 -6.414223
-0.002532 -6.184877
1.062287 -5.736058
0.450731 -5.251607
0.265217 -5.315082
0.173229 -5.362545
0.521536 -5.399551
0.386981 -5.310975
0.789006 -6.254890
0.895673 -5.869292
0.891515 -6.026490
-0.192562 -6.045547
1.053417 -6.095979
0.843478 -6.319208
0.483880 -5.216934
0.882581 -5.485485
0.098716 -6.247714
0.579395 -5.245491
-0.012763 -5.519674
0.419374 -5.427090
0.804724 -5.376361
0.329986 -6.432428
0.373926 -5.300540
0.482880 -6.420418
0.547227 -5.395981
0.337922 -5.310130
0.755820 -6.515878
0.921374 -5.503686
-0.006907 -6.363275
0.743077 -6.346049
1.131999 -5.839033
0.760573 -5.440159
-0.207881 -5.897933
0.944234 -6.231861
0.116063 -6.404471
0.164006 -6.383249
-0.123042 -6.259370
0.222628 -5.347293
0.991915 -5.725226
0.879271 -6.284966
-0.080024 -5.711143
-0.093082 -6.053298
0.050661 -5.772923
0.975183 -5.657925
0.408242 -6.558362
-0.029647 -5.636374
-0.090356 -6.292581
0.692329 -6.424069
0.252669 -6.321901
0.168264 -6.308459
-0.084610 -6.013963
0.452614 -5.270855
0.004849 -6.231059
0.733008 -5.387787
0.560941 -6.328199
0.576194 -5.277294
0.853930 -5.401946
-0.114266 -5.873934
-0.116513 -6.017690
0.754500 -6.505310
0.906771 -5.416742
0.587582 -5.434812
0.498107 -6.404696
0.153856 -6.373541
1.054256 -5.590000
1.000259 -5.940022
0.586645 -6.491594
1.137022 -5.830422
0.695580 -6.355689
0.378625 -6.592793
0.088315 -5.487579
0.375762 -5.341864
0.663202 -5.382296
0.481585 -5.273901
1.058019 -6.056304
-0.087778 -6.256444
0.066034 -5.410366
0.260094 -5.268592
0.975725 -5.853580
0.940340 -5.542354
0.897863 -6.053104
0.894660 -6.500717
0.751173 -5.433128
0.793807 -5.474822
-0.323134 -5.995768
1.019895 -6.050399
0.839862 -6.335948
-0.029732 -5.564160
-0.011921 -6.376936
-0.099135 -5.800758
-0.067547 -6.180346
0.186261 -5.302580
-0.165799 -5.880518
1.059295 -5.782138
0.939568 -5.714910
0.950914 -5.970294
0.950994 -5.437181
0.794609 -5.252646
-0.076812 -5.614025
0.818024 -6.351669
0.010176 -5.699739
0.978935 -5.737541
-0.268263 -5.780744
0.127451 -5.327444
0.482555 -6.399910
0.044400 -5.341584
0.868770 -5.893939
0.948894 -6.186114
-0.084449 -6.446325
0.314942 -6.405508
0.095473 -5.451008
0.256242 -6.152074
0.816757 -5.580235
0.629594 -6.325189
0.553846 -6.427766
0.475050 -6.477942
-0.041721 -6.149248
-0.064368 -6.188426
0.950703 -5.884439
0.536642 -5.399313
0.872487 -6.344032
0.303137 -6.397218
0.701885 -5.448110
0.694589 -6.395244
0.899363 -5.719501
0.484884 -6.382889
1.019111 -6.043228
0.339527 -6.533306
-0.180522 -6.065436
0.933207 -5.454230
0.870190 -5.660442
0.202270 -5.572359
0.900545 -5.665065
0.820534 -5.592384
0.784963 -5.460004
-0.179150 -5.735278
-0.095446 -5.864219
-0.072844 -6.200462
0.497091 -6.510312
0.333357 -5.356009
0.989634 -6.139360
0.030626 -5.516638
-0.189151 -5.919495
0.083422 -6.089446
0.422757 -5.265119
-0.084274 -5.674748
1.055979 -6.139431
0.491938 -6.563376
0.903370 -6.018619
0.838810 -5.545690
0.847384 -6.479159
-0.042491 -5.648681
0.716731 -6.386655
0.471610 -5.250049
0.448575 -6.488867
0.031645 -6.003386
0.400207 -5.303241
0.305193 -5.296489
0.048776 -6.198554
-0.221758 -5.647214
0.277283 -5.333532
0.733065 -5.389342
0.658682 -6.182787
0.092282 -6.346367
0.648503 -5.386837
-0.099605 -6.219852
0.553452 -5.243948
0.077786 -5.472914
-0.122550 -6.039907
0.161625 -6.413573
-0.270136 -5.966462
0.708484 -6.211615
0.585725 -5.290818
1.003462 -6.174398
0.025074 -6.294304
0.626707 -5.299820
-0.136758 -5.922987
0.887222 -6.201463
0.680536 -6.356689
0.978108 -6.015435
0.612686 -5.283517
-0.203528 -5.922524
0.463218 -5.307505
0.098058 -5.322200
0.512262 -5.280550
0.680633 -5.567155
-0.196040 -5.848432
0.118919 -4.340800
0.796860 -6.312581
0.015686 -5.366821
0.414459 -5.450970
0.072856 -6.352756
1.077445 -5.967138
0.561538 -6.604944
0.010360 -5.488680
1.004219 -5.663514
-0.148801 -6.103342
0.252033 -5.309994
1.028617 -5.724829
0.644236 -6.510562
0.369004 -6.602636
0.614824 -6.489739
-0.086987 -5.474458
0.278187 -6.470299
0.011702 -5.548491
0.873242 -5.440604
0.856496 -5.411253
0.176668 -6.539011
0.125236 -6.315578
-0.050644 -5.449320
0.691720 -5.344989
0.842911 -5.572659
-0.130960 -6.144827
0.825459 -5.358903
-0.128419 -6.034336
1.000409 -5.731218
0.215439 -5.356719
0.237567 -5.425020
0.915816 -6.065005
0.117840 -6.256914
0.222676 -6.382370
-0.280848 -5.891063
1.016227 -5.986538
0.935717 -5.652306
0.467751 -6.380049
0.500518 -5.383557
0.972841 -5.403888
0.557267 -5.234460
0.932772 -5.614973
0.052353 -6.297557
1.065247 -5.594550
0.230144 -6.421440
0.528683 -6.409903
0.134497 -6.270175
0.048321 -5.496294
1.043601 -5.876680
-0.029253 -5.644784
0.887338 -6.220872
-0.130939 -6.196931
0.397232 -6.528347
0.153670 -5.370774
-0.157409 -5.681075
0.462513 -6.428037
0.122949 -6.361169
0.722199 -5.443221
0.021977 -5.490559
0.606276 -5.441425
0.975277 -5.578615
0.585901 -6.505019
0.702570 -6.489043
0.968354 -6.003206
1.001102 -6.249966
0.985604 -5.734393
0.255809 -5.436285
-0.041880 -6.194989
0.494337 -5.340867
0.400100 -6.248824
0.946830 -6.031249
0.207273 -6.479319
-0.091722 -6.221790
0.051934 -5.230724
-0.147558 -5.893825
-0.020100 -5.513502
0.521165 -5.191180
-0.081498 -6.223276
0.076359 -5.818921
0.932892 -5.740490
-0.016267 -5.713159
0.487735 -6.456813
0.574673 -6.509537
0.377776 -6.461348
0.033529 -6.033860
0.093210 -5.424609
-0.076937 -4.494736
0.051621 -5.340652
0.853242 -5.647094
0.807614 -6.374257
0.217823 -5.368388
0.966014 -5.673687
0.516989 -5.363895
0.793740 -6.247762
-0.126287 -5.769660
0.738769 -5.395173
-0.034808 -5.493598
1.059905 -5.961504
0.840113 -6.276523
0.662562 -6.383893
0.153557 -5.359197
0.128131 -5.381611
0.529678 -6.317997
0.770572 -6.574227
1.024475 -6.254250
0.981663 -5.869695
0.490195 -5.229263
1.121001 -6.015914
0.794975 -6.208122
1.271064 -5.720986
-0.216208 -5.481876
-1.418182 -0.275444
-1.231247 -0.012236
-1.479549 -0.253766
-1.205038 0.039627
-1.392237 -0.136720
-1.528878 0.086710
-0.093237 -0.773700
-1.707914 -0.072275
-1.371138 0.004055
-1.307422 0.063631
-1.350479 0.112349
-1.066186 0.118096
-1.509813 0.138243
-1.494125 0.256373
-2.269601 0.162506
-2.224035 0.276173
-2.090367 0.057585
-2.250196 0.151638
-1.824754 -0.163456
-2.323611 0.296118
-2.057475 0.131571
-1.293049 -0.046093
-2.242687 0.295306
-2.410758 0.285703
-2.289811 0.240678
-2.149814 0.202352
-2.240768 0.318968
-2.213491 0.429159
-2.390883 0.645130
-3.013206 0.833809
-5.051818 -0.801669
-5.028130 -0.742060
-5.211185 -0.582022
-5.254267 -0.919835
-5.068321 -0.699290
-5.314078 -0.820436
-4.824910 -0.956068
-5.196618 -0.553991
-5.007405 -0.491887
-5.294009 -0.643743
-5.208996 -0.656908
-4.713500 -0.927739
-4.854373 -0.703492
-5.045483 -0.706413
-5.189195 -0.588280
-4.983021 -0.531711
-4.799885 -1.548118
-5.080673 -1.655129
-4.850685 -1.758559
-4.988841 -1.728834
-4.948511 -1.678844
-4.832519 -1.405147
-4.610318 -1.352531
-4.648082 -1.598182
-4.663121 -1.652437
-4.982633 -1.494894
-4.708192 -1.615122
-4.854918 -1.646744
-4.781292 -1.648209
-4.871851 -1.404163
-4.890899 -1.522057
-5.171486 -1.259911
-5.359694 -1.388218
-5.291505 -1.121118
-5.248409 -1.490990
-5.328241 -1.391670
-5.358783 -1.217823
-5.432455 -1.300120
-5.236019 -1.411405
-5.388999 -1.470948
-5.243712 -1.376503
-5.094625 -1.358745
-5.261476 -1.385632
-5.027872 -1.507268
-6.418751 -1.255343
-6.232626 -1.013233
-6.717794 -0.982970
-6.588911 -1.000364
-6.733232 -1.479164
-6.415195 -1.018502
-6.503985 -1.318115
-6.544606 -1.098107
-6.246849 -1.014182
-6.577500 -1.004364
-6.824495 -1.251736
-6.464686 -1.037077
-6.578928 -0.927226
-6.311925 -1.323295
-6.299799 -0.982486
-6.592792 -1.322431
-6.352310 -0.900805
-6.204349 -1.493380
-6.215536 -1.367692
-6.260931 -0.941215
-6.624218 -1.230166
-6.291301 -1.494866
-6.411585 -1.095505
-6.490110 -1.329940
-6.471913 -1.513447
-6.223126 -1.102293
-6.612169 -1.374159
-6.710805 -0.988758
-6.639136 -0.955481
-6.450528 -1.058400
-6.316818 -0.942337
-6.550624 -1.284303
-6.172384 -1.466115
-6.763387 -1.080354
-6.609760 -1.249952
-6.810014 -1.455149
-6.652421 -1.391455
-6.468096 -1.364576
-6.675519 -1.067262
-6.390109 -1.517728
-6.635232 -1.095532
-6.239244 -1.256143
-6.207285 -1.161329
-6.618154 -1.206314
-6.147786 -1.455238
-6.295601 -0.951895
-6.588932 -1.062696
-6.667006 -1.465586
-6.415549 -1.362773
-6.875077 -0.946859
-6.410107 -1.183496
-6.668252 -1.070267
-6.161682 -1.208966
-4.701037 -1.176776
3.349403 -1.583686
3.257455 -1.383193
3.138430 -1.309341
3.307059 -1.404326
3.123309 -1.967385
3.298748 -1.797747
3.277018 -2.058977
2.591489 -1.996055
2.846585 -1.973077
3.199040 -1.471749
3.211500 -1.709213
3.052165 -1.555328
2.812699 -1.872520
3.403163 -1.805032
3.181527 -1.947226
2.729759 -1.346240
2.623358 -1.805002
3.233976 -1.564381
2.812217 -1.364824
3.165212 -1.548293
3.897216 -0.763719
2.703490 -1.411987
2.773068 -2.089888
3.343686 -1.675066
2.946383 -1.588226
3.294933 -1.469029
3.077630 -2.223599
2.748180 -1.565096
2.892781 -2.047130
3.349356 -1.732769
3.139250 -1.327328
2.649916 -1.832840
3.111317 -1.724574
2.590153 -1.841873
2.604954 -1.564773
3.026104 -2.046876
3.249547 -1.473734
3.018017 -1.238295
2.697591 -1.488943
2.766288 -2.078794
3.299539 -1.662942
2.929793 -1.504476
2.843665 -1.411451
2.970825 -1.412639
3.407322 -1.762996
3.023542 -2.227221
3.280791 -1.854685
2.795178 -2.084932
3.272226 -1.863147
3.108178 -1.325744
3.319787 -1.855619
2.632839 -1.964557
2.772531 -1.696823
3.116816 -2.071265
3.358279 -1.970285
2.975228 -1.856265
2.651164 -1.841596
2.957923 -1.890370
2.801396 -1.369809
2.993200 -2.063405
3.192181 -1.926347
2.616252 -2.028310
2.595159 -1.545793
2.866110 -1.420202
2.783669 -1.683614
3.212635 -1.319915
2.932038 -1.903186
2.899193 -2.157103
3.211034 -1.907621
2.782076 -1.948446
3.410131 -1.527320
2.934794 -2.124458
2.987213 -0.960557
2.469188 -1.055626
2.695059 -1.630384
2.718666 -1.868739
3.205128 -1.724744
2.661304 -1.529410
3.348217 -1.706886
3.057107 -1.939598
2.883922 -1.460523
3.289442 -1.789254
3.279089 -1.791764
3.045891 -1.993154
3.138607 -1.583518
2.564662 -1.739479
2.796639 -1.811052
2.577731 -1.634063
3.289438 -2.029445
3.039653 -1.955258
3.404481 -1.887167
2.712703 -1.859693
3.321931 -1.740007
3.563891 -1.489529
3.803987 -1.354529
3.664802 -1.260063
3.872740 -1.299941
3.187514 -2.010621
2.186966 1.059387
-0.663614 2.812676
2.866482 -1.555101
3.279165 -2.055962
2.836597 -2.113925
2.823844 -2.078543
2.758474 -1.380318
3.045910 -1.268238
3.325510 -2.670602
3.522147 -2.869217
3.363136 -3.026699
3.554583 -2.749416
3.464908 -2.890276
3.366391 -2.994954
3.416066 -2.976939
3.594824 -2.741259
3.226828 -2.908017
3.265011 -2.961386
3.341920 -2.846689
3.209785 -3.001595
3.445268 -2.963340
3.399959 -3.048263
3.297197 -2.829559
3.513824 -3.017296
2.877598 -1.378484
3.369376 -1.552237
3.130455 -2.096457
2.695619 -1.827389
3.365920 -2.091331
3.337573 -1.623479
3.343725 -1.483736
2.839116 -2.064462
3.134135 -1.966625
3.011472 -1.979166
3.355675 -1.974225
3.090521 -1.594483
3.275717 -1.944896
2.748188 -2.003294
2.864269 -1.538506
3.194367 -1.412612
2.900847 -1.552478
2.544081 -1.830420
3.274714 -1.647761
3.027859 -1.486450
3.243973 -1.847214
3.373806 -1.486265
3.078152 -2.012420
3.114424 -1.708141
3.354911 -1.838005
4.678814 -3.141965
4.779240 -3.490180
4.819239 -3.657628
4.747326 -3.887934
4.857720 -3.412311
4.870640 -3.500732
4.796237 -3.401901
4.851349 -3.432504
4.806932 -3.502047
3.730159 -1.200276
4.710386 -2.476665
4.588891 -2.720042
4.770158 -2.515408
4.663092 -2.643843
4.714839 -2.679366
4.588458 -2.742202
4.688860 -2.833406
4.553340 -2.424633
4.718598 -2.659861
4.812691 -2.616988
4.647350 -2.850796
4.668658 -2.704572
4.701619 -2.568219
4.642438 -2.818801
4.782957 -2.506891
4.609655 -2.746039
4.648075 -2.449286
4.514521 -2.555395
4.440504 -2.613866
4.210395 -2.720125
4.513071 -2.765200
4.579500 -2.769996
4.448817 -2.567159
4.333067 -2.462573
4.489497 -2.859303
4.460808 -2.461300
4.381177 -2.612073
1.972039 -0.399308
4.313803 -2.749214
4.762216 -2.417210
4.577376 -2.283123
3.148365 1.397200
-3.835264 5.235117
-3.412626 5.598977
-3.999192 5.369802
-3.610237 5.403006
-3.806277 5.219738
-3.533080 6.075741
-3.409744 5.910895
-4.006269 6.056932
-4.005668 5.854919
-3.660075 5.235090
-3.421912 5.977968
-3.766679 5.971348
-4.149584 5.643363
-3.369467 5.475307
-3.455032 5.958156
-3.924939 6.023087
-3.605419 6.062026
-3.573315 5.429133
-3.758962 6.097852
-4.007717 6.025818
-3.600173 5.256626
-3.281670 5.493255
-3.755898 6.072518
-3.330073 5.791296
-4.034600 5.567936
-3.435756 5.988165
-3.493814 5.982003
-4.067041 5.447526
-4.089783 5.840644
-3.986576 5.907383
-4.002687 6.109886
-3.969054 5.401350
-3.788675 5.424945
-3.456798 5.973871
-3.400424 5.579547
-4.150918 5.736270
-3.522366 6.135453
-3.686704 5.741138
-3.835299 5.992972
-3.744503 5.384168
-3.348639 5.839032
-3.345525 6.060479
-4.064062 5.596875
-3.575692 6.029399
-4.009679 5.411837
-3.388136 5.888659
-3.700772 5.213249
-4.090896 5.951295
-3.923897 5.737567
-3.687475 6.029957
-3.519850 5.453020
-3.816699 5.969709
-3.274600 5.548554
-3.902337 6.081617
-3.602947 5.406871
-3.732675 5.288795
-4.068691 5.476112
-3.364955 5.651036
-3.468331 6.014985
-3.503855 5.966804
-4.054996 5.964876
-3.821414 5.439777
-3.914712 6.119566
-4.091766 5.836252
-3.561903 6.070796
-3.935042 5.369907
-3.625794 5.440642
-4.027302 6.028656
-4.053708 5.823860
-3.512894 5.997743
-3.382166 5.438542
-3.997689 5.527011
-3.756219 5.445761
-3.445810 6.002674
-4.141086 5.470544
-3.932043 6.034702
-3.580198 6.019710
-3.746549 5.216941
-4.196221 5.832273
-3.451985 5.731203
-3.932376 6.135224
-4.199275 5.651598
-3.387976 5.736432
-3.664548 5.410521
-3.554511 5.429675
-4.165560 5.428344
-3.841519 6.155779
-3.712627 6.057510
-3.476774 5.598955
-3.524567 5.390782
-3.768391 6.132643
-3.460970 5.653183
-4.155001 5.627134
-4.037730 6.020889
-3.788701 6.167280
-4.050386 5.771162
-4.296795 5.670276
-3.296908 5.891796
-3.254381 5.779640
-4.178091 5.792128
-3.796678 6.180989
-3.409766 5.588726
-3.923161 6.004240
-3.911695 5.420511
-3.929430 6.037166
-4.644417 5.563502
-4.620276 5.359607
-4.834673 5.467915
-4.927081 5.661311
-4.851418 5.654850
-4.862895 5.528332
-4.852363 5.423648
-4.857054 5.572242
-4.848594 5.488811
-3.414442 5.462172
-4.110873 5.779654
-3.416234 5.501220
-4.125052 5.910552
-3.782350 5.475536
-3.378063 5.871407
-4.016634 6.109951
-4.151908 5.508708
-3.551699 6.166500
-3.422965 5.962884
-3.396684 5.532695
-3.418767 5.994993
-3.972192 5.899103
-3.933211 6.082230
-3.295858 5.609127
-3.433120 5.975084
-4.072586 5.350638
-3.610257 5.953816
-3.244076 5.767862
-3.717773 5.457674
-3.502100 5.386157
-3.609648 6.153185
-3.864093 5.257726
2.092741 1.565635
-3.489316 6.100451
-3.911818 5.381101
-3.710124 5.384146
-4.191597 5.657762
-3.745932 0.820195
-3.896958 0.923718
-3.690786 0.197555
-4.178142 1.618939
-4.194889 1.487794
-4.174440 1.570891
-3.970621 1.845511
-4.211782 1.528001
-4.209669 1.601996
-3.897233 1.752814
-4.159700 1.665992
-4.279573 1.460912
-4.133989 1.380045
-4.238313 1.805346
-4.165085 1.574846
-4.147291 1.621850
1.807329 -0.364960
2.026010 -0.490022
1.856826 -0.429323
1.921857 -0.718018
2.103112 -0.428586
1.950890 -0.225779
-4.389291 2.558194
-4.940597 2.982937
-4.628180 2.827667
-4.419650 2.579398
-4.631722 2.723276
-4.569021 2.757472
-4.576327 2.753541
-4.245409 2.433141
-4.578732 2.659509
-4.726694 2.463052
-4.365730 2.895407
-4.593614 2.679712
-4.356206 2.807692
-4.578915 2.671617
-4.601862 2.700144
-4.641335 2.586643
-3.733124 3.045325
-3.857217 3.319756
-4.029899 3.371279
-3.898922 3.352731
-2.884352 3.010771
-4.049821 3.230361
-3.927569 3.363747
-4.051705 1.858771
-3.108287 1.078874
-3.593014 1.243110
-4.135621 1.582089
-4.150102 1.616618
-4.082591 1.736797
-4.010341 1.757366
-4.284618 1.474102
-4.202917 1.630801
-4.155046 1.729274
-4.044410 2.168332
-4.233013 1.681437
-3.417835 1.639279
-3.415231 1.158724
-4.141531 1.744717
-4.187695 1.778421
-4.541619 1.559270
3.331975 -0.251466
2.670758 0.167520
3.322430 0.053316
3.286027 0.033473
2.842323 0.248891
3.284351 -0.403012
3.249922 -0.433743
3.283042 -0.369257
3.049113 -0.519395
2.872298 -0.093631
3.155614 0.193868
2.666664 0.027491
2.843768 -0.263422
2.799418 0.201911
2.796813 0.036139
2.704114 -0.257778
2.610039 -0.242252
3.011617 0.127867
2.648779 -0.213960
2.938832 0.009604
2.987033 0.028073
2.547936 -0.016175
3.170909 -0.206158
3.036709 0.226930
3.273292 0.029507
2.782045 -0.262423
3.114839 0.104028
3.131651 -0.086405
2.727148 -0.295619
3.414697 0.056443
2.761152 0.138325
2.795257 0.192953
2.803638 0.062966
3.012766 0.353419
3.312462 0.177723
3.113546 -0.013639
3.253675 -0.258959
2.972468 0.134048
2.695520 -0.193214
2.983442 0.107818
3.007602 0.074677
3.237884 -0.420402
3.064239 -0.293585
2.694722 -0.250683
3.145364 0.128952
2.708287 -0.060355
3.240826 0.229969
2.951291 0.070473
3.187305 -0.156585
2.650432 -0.299748
2.875989 -0.309454
3.140140 0.192810
3.252693 -0.470094
2.725037 0.201652
2.679299 0.104635
2.765326 0.181499
3.368618 -0.182504
3.320725 -0.773740
2.846015 -0.052358
3.085318 -0.209600
3.015470 -0.535837
2.825006 -0.467145
2.909390 0.045267
3.120616 -0.174023
3.095408 -0.370249
2.748147 0.142057
2.762256 -0.143047
3.376470 0.017443
2.974576 -0.043682
3.063004 0.143588
2.920482 0.338230
3.153483 -0.251961
3.091841 -0.365282
2.991639 -0.370133
2.743675 0.073595
3.159998 0.067918
3.180841 0.074471
3.012515 -0.433486
3.224970 -0.505135
2.864600 -0.423221
3.238773 -0.279600
3.235715 -0.152194
3.018795 0.255457
2.478958 -0.229883
3.159442 -0.010711
3.199234 0.089454
3.261066 -0.465643
5.765879 -2.641014
5.684839 -2.371063
5.526946 -2.575705
6.186222 -2.964803
6.293161 -3.229843
6.365578 -3.116361
6.530354 -3.266657
6.678897 -3.457752
6.703782 -3.473944
6.724106 -3.461894
5.606837 -2.928431
5.541804 -3.231304
5.662289 -3.264244
5.513239 -3.191854
5.698344 -3.218879
5.524308 -3.140895
5.463071 -2.717890
5.442274 -3.002391
5.470366 -2.957156
5.526885 -2.611214
5.723065 -2.689785
5.797290 -2.334281
6.184239 -2.501730
5.447025 -2.530736
5.504802 -2.566815
5.015857 1.660945
5.446608 1.690118
5.594673 1.271998
5.533114 1.439626
5.538652 1.772507
5.144675 1.601833
5.077408 1.704028
5.655699 1.513383
5.780332 1.214627
5.952660 1.126873
5.992214 1.011364
5.852448 1.211365
5.809348 1.178728
5.211946 1.788342
5.341706 1.245770
5.415421 1.739296
4.947864 1.327385
5.348761 1.253299
5.435900 1.190520
5.197361 1.733162
5.355098 1.537846
4.916736 1.624091
4.746150 1.818817
5.273950 1.764090
5.699241 1.398690
5.096105 1.691393
5.121398 1.603173
5.190320 1.411009
5.339177 1.927009
5.521487 1.731603
5.220120 1.768045
5.051726 1.457906
5.605116 1.459895
5.553915 1.266138
5.609571 1.449744
5.380955 1.347222
5.074756 1.638453
5.321118 1.775466
5.590722 1.726099
5.441923 1.190610
5.295288 1.785284
5.147082 1.842317
5.468928 1.548045
5.148252 1.777798
5.245437 1.937362
5.527532 1.341694
5.596130 1.803144
5.450745 1.905581
5.366906 1.788652
5.261813 1.153198
5.416063 1.368760
5.115635 1.492828
5.701631 1.668000
5.573427 1.654910
5.497449 1.464538
5.440494 1.591443
5.402000 1.582240
5.365526 1.841459
5.508826 1.868415
5.356242 1.983506
5.598169 1.756805
7.245936 0.266813
7.440096 0.975016
7.115105 0.869721
7.004639 0.375554
7.466796 0.375002
6.936102 0.712671
7.550397 0.644271
7.341763 0.543299
7.469009 0.857491
7.438804 0.337135
7.348431 0.967574
7.640189 0.473876
7.595946 0.483424
7.415712 0.403817
7.167455 1.021469
7.628357 0.890531
7.099889 0.940440
7.156916 0.924643
7.373697 0.598717
7.522223 0.655829
7.192005 1.026271
7.334328 0.150401
7.649384 0.788206
7.495036 0.296844
7.068966 0.448525
7.201304 0.321354
6.925850 0.451449
7.263826 0.272756
7.372466 0.389197
6.789196 0.607975
7.583309 0.415683
6.962609 0.912827
7.555914 0.784835
7.314947 0.934018
7.329858 0.295609
7.462702 0.344962
7.143050 0.442710
7.306182 0.270106
7.258368 0.272364
6.938020 0.674711
7.346225 0.404254
7.296195 0.397801
7.649486 0.648335
7.200817 0.981719
6.906248 0.742704
7.559688 0.430249
7.572447 0.549198
7.415201 0.910629
7.150021 0.293961
7.314252 0.955169
7.356884 0.919530
6.952651 0.854407
7.472211 0.509781
7.477581 0.826823
7.011936 0.352967
7.619778 0.793103
6.955001 0.852613
6.980812 0.452509
7.428064 0.938125
7.566168 0.433605
7.163720 0.238536
7.052138 0.305761
7.305776 0.939026
6.989058 0.794471
7.498674 0.370865
7.056187 0.443741
7.123051 0.422015
6.875578 0.408062
7.497540 0.726646
7.127936 0.837594
7.492559 1.000056
7.281770 0.581577
6.815226 0.633173
7.333944 0.289264
7.518997 0.378742
7.605623 0.801415
7.075764 0.853157
7.036972 0.203151
6.994936 0.715296
7.559719 0.369909
7.445507 0.304388
7.013049 0.352194
6.850086 0.701083
7.412035 0.845181
7.004215 0.784999
7.098722 0.490903
7.116659 0.543787
7.474821 0.859640
7.269697 0.173831
6.186493 1.155468
6.959623 0.638372
7.526394 0.786272
6.870980 2.550339
6.827082 2.702073
6.689935 2.301107
6.751718 2.341898
6.742468 2.627177
6.690407 2.414486
6.273784 2.425205
6.465646 2.341285
6.664990 2.481475
6.282631 2.678037
6.735562 2.477880
6.367066 2.701524
6.378850 2.377007
6.719815 2.646310
6.756579 2.452343
6.683298 2.582977
6.753611 2.830565
6.844326 2.430885
6.678537 2.444407
6.549981 2.347069
6.678035 2.535901
6.466006 2.759058
6.690954 2.636954
6.464209 2.341251
6.833282 2.736435
6.481889 2.715935
6.676075 2.388380
6.582979 2.206288
6.707466 2.667449
5.934770 2.039298
1.336685 -1.094223
0.784334 -2.102303
0.674074 -2.382662
0.590829 -2.363392
0.772824 -2.390140
0.556363 -2.411238
0.987730 -2.505383
0.698490 -2.248941
0.712242 -2.404056
0.747921 -2.340800
1.126713 -1.755073
1.427047 -2.075490
0.859949 -0.957666
1.173855 -2.065124
1.032294 -2.054733
1.337172 -1.943897
0.473111 -0.795010
0.868403 -2.100527
1.075972 -2.289520
1.031264 -2.333528
0.954515 -2.348530
0.858247 -2.255381
0.969844 -2.252434
0.386384 -1.968817
0.153810 -2.106810
0.285062 -2.191565
0.374801 -2.285560
0.297034 -2.109367
0.158262 -2.195306
0.370628 -2.298697
0.689363 -1.545210
0.735803 -1.633310
1.068388 -0.672873
0.613429 -1.195889
0.448324 -1.357091
1.883629 -2.189000
1.763025 -2.302320
1.690992 -2.335435
1.663434 -2.032340
1.707274 -2.317503
1.690841 -2.259712
1.827674 -2.035719
1.888283 -2.259969
1.895666 -2.044895
1.709263 -2.205255
1.705673 -2.360710
1.531246 -2.364774
1.755986 -2.246332
1.791468 -2.141788
1.639804 -2.312565
1.734835 -2.368650
1.724555 -2.316811
1.904802 -2.057662
1.760060 -2.342588
1.855855 -2.017104
1.847768 -2.278631
1.812353 -2.339267
1.647931 -2.154169
1.707275 -0.770416
0.371477 -0.424301
1.980095 -0.909890
1.995707 -0.696940
1.760898 -0.418842
1.904863 -0.624206
2.003880 -0.740294
1.868121 -0.598380
2.039446 -0.873087
1.827945 -0.842414
1.824680 -0.529287
1.843277 -0.575101
1.908830 -0.546223
1.988367 -0.763422
2.023529 -0.796647
1.829176 -0.984391
1.095845 0.637750
1.250891 0.833321
1.027495 0.711773
-0.160609 -1.021879
0.156301 -0.692059
1.849993 -0.511769
1.914984 -0.558357
-2.688628 -2.498035
1.172325 -1.286708
0.608536 -0.984059
-2.633923 -2.570018
-2.495588 -2.296941
1.170172 -1.028297
0.577624 -0.780328
-2.457369 -2.535782
-2.727888 -2.630686
-2.710100 -2.629450
-2.761998 -2.602073
-2.563926 -2.665962
1.214919 0.302055
0.686948 -1.571739
0.892957 -1.542353
1.631263 -1.371246
1.703853 -1.481624
1.773276 -1.328974
1.895020 -1.532652
1.761189 -1.564298
1.812068 -1.413715
1.799971 -1.307453
1.802430 -1.462691
1.064519 -1.102532
0.621294 -2.001516
0.773635 -2.335467
0.672889 -2.431157
0.389370 -2.360521
0.708328 -2.436208
0.369929 -2.322844
0.532475 -2.398772
0.814716 -1.489876
0.695869 -0.758096
0.814659 -1.536323
0.416296 -1.188160
1.173794 -1.264673
0.632238 -1.434983
1.140329 -1.127250
1.200242 -1.367334
0.687018 -1.601652
1.206955 -1.409453
0.753889 -0.767930
0.534567 -1.565641
1.088948 -0.943803
0.464600 -1.523231
1.153232 -0.830741
0.908414 -1.505856
1.288061 -1.150848
1.144054 -0.790550
0.542232 -1.474634
0.564286 -0.941658
0.391022 -1.134872
0.465049 -1.545460
0.813396 -1.644336
0.998272 -0.743204
0.699733 -0.788679
1.196141 -1.156104
1.110062 -1.414385
0.446078 -0.950650
0.729159 -0.899080
0.614058 -1.324241
1.071925 -1.411332
0.533088 -1.560619
0.323951 -1.192680
0.441054 -1.006543
0.704312 -0.901118
1.077478 -1.210796
0.443348 -1.246868
0.390921 -1.446869
1.005650 -0.836565
1.138334 -1.077466
0.637285 -1.659572
0.825757 -0.821166
0.586076 -1.548600
1.159296 -1.019008
0.597585 -0.918323
0.644898 -1.399368
0.621137 -1.531015
0.710391 -0.866795
0.687866 -0.905112
0.391591 -1.322057
0.859242 -1.597521
1.117622 -0.839084
0.399698 -1.798439
0.241335 -2.004071
0.246001 -2.036686
1.034821 -1.681459
1.294101 -1.937092
1.050283 -2.043744
0.444260 -0.957527
1.140148 -0.770770
0.877449 -1.320965
0.409566 -1.307521
1.023783 -1.534530
1.081536 -1.222819
1.176668 -0.913772
0.964703 -0.975694
0.821085 -1.537723
1.126318 -1.368168
0.849531 -1.573153
0.569789 -1.490647
0.424971 -1.175711
0.408871 -1.205521
0.546407 -1.555888
0.887109 -1.554787
1.157283 -1.444731
0.541547 -0.801407
0.672786 -1.584106
0.738769 -1.242157
0.423043 -1.465440
1.200648 -1.205510
0.554763 -1.415820
0.963558 -0.762826
0.575315 -1.046298
0.746216 -0.737593
0.525841 -1.540072
0.962447 -0.793539
0.937295 -1.236079
1.091477 -1.164738
1.250617 -1.245795
1.138678 -1.336131
0.385256 -1.090905
0.503878 -1.521532
0.443265 -1.213996
0.579016 -0.999105
0.490600 -0.917104
0.471952 -1.523618
1.065023 -1.383914
0.553474 -0.863722
0.430876 -1.271780
0.909871 -0.727492
0.573480 -1.181647
1.151098 -1.316285
0.717901 -0.796348
1.268556 -1.031802
1.015801 -1.554193
1.040690 -1.314569
0.632643 -0.740943
0.496816 -1.315259
0.502871 -1.498392
1.138882 -1.222588
0.605197 -0.849356
1.199204 -1.187036
1.229141 -1.463824
1.119656 -1.075058
0.860644 -1.638619
1.126251 -0.925354
0.715652 -0.764739
1.149349 -1.205443
0.903946 -1.025448
0.410912 -0.971553
0.597853 -1.352866
0.623129 -1.479708
0.268792 -1.243598
0.946768 -1.687065
1.096026 -1.403768
0.813175 -0.743035
0.420882 -1.444158
0.476657 -1.416430
1.207047 -1.325415
1.015431 -1.677734
0.990246 -0.830840
1.194366 -1.204626
0.605762 -1.440816
1.015103 -0.816991
1.185554 -1.500839
1.299376 -1.246043
1.116827 -1.025910
0.618065 -0.935080
0.977551 -1.484667
1.279451 -1.026856
1.060414 -0.973153
1.115559 -1.407114
1.152844 -1.022143
0.404486 -1.330738
0.356035 -1.268890
0.731151 -1.563005
4.938505 -1.345237
4.810669 -1.087850
4.904869 -1.059000
4.474934 -0.844555
5.016805 -1.315224
4.954261 -1.295724
4.960748 -0.978778
4.935684 -1.368725
3.963540 -0.549269
4.929939 -1.295984
4.838098 -0.875538
4.920384 -1.127745
4.964715 -1.321419
4.653569 -1.347862
3.077556 -0.775178
4.966346 -1.078233
4.856503 -1.231233
5.025692 -1.184746
4.965282 -0.989764
4.674030 -1.332562
4.906147 -1.299919
4.814972 -1.277808
4.758853 -1.350011
4.882208 -1.366528
4.991292 -1.068250
5.045146 -1.510415
5.340133 -1.671444
5.207129 -1.193779
5.502528 -1.216350
4.989573 -1.045448
4.829590 -1.307997
4.948927 -1.196612
4.998264 -1.081262
4.834544 -1.353774
5.069485 -1.116514
4.914264 -1.330020
4.934756 -1.097803
4.855370 -0.753178
5.036098 -1.279025
4.971876 -1.106744
4.794284 -1.463950
4.979013 -1.092271
4.980272 -1.037452
5.058743 -1.233206
5.082736 0.103345
5.087068 0.017659
-3.205728 -3.267490
-3.590904 -2.947685
-3.592709 -2.913516
-3.657838 -2.401817
-3.648933 -2.788658
-3.527136 -2.556664
-3.681997 -2.596512
-3.604243 -2.392947
-3.671517 -2.487858
-3.435853 -2.631222
-3.411955 -2.564294
-3.701228 -2.949766
-3.349983 -2.780010
-3.637395 -2.801690
-3.679958 -2.704615
-3.559490 -2.493172
-2.869257 -3.149799
-2.790551 -3.207998
-2.582596 -3.143513
-3.007011 -3.381295
-2.920954 -3.107103
-2.716079 -3.204671
-2.990613 -3.289835
-2.833550 -3.257905
-2.781586 -2.905120
-2.801817 -3.326885
-2.717790 -3.265002
-3.067309 -3.086034
-2.936658 -2.936477
-2.795370 -3.074766
-3.044349 -3.286968
-2.871385 -3.325404
-2.621166 -3.092602
-3.672117 -3.145438
-3.740281 -2.829159
-2.892955 -2.980969
-0.558958 -3.579606
-3.549969 -2.951694
-3.693994 -2.489057
-3.633056 -2.669835
-2.408125 -4.191386
-2.395709 -4.463700
-2.515731 -4.151827
-1.919248 -4.293289
-2.747280 -4.159132
-2.033018 -4.298246
-2.818228 -3.813322
-2.453965 -4.195116
-2.466217 -4.125446
-3.115593 -3.844983
-2.000735 -4.300474
-1.937946 -4.414931
-1.931243 -3.892542
-2.478807 -3.892773
-2.634523 -3.988210
-1.922742 -4.294996
-2.347015 -4.219487
-2.532272 -4.282891
-2.380875 -3.965644
-2.389186 -4.367083
-1.987265 -4.358188
-2.296959 -4.374135
-2.417949 -3.802565
-2.293020 -3.737092
-2.026869 -3.907952
-2.423718 -4.383364
-2.320995 -4.058711
-2.002211 -4.244542
-1.953727 -4.255023
-2.178792 -4.310899
-2.266403 -4.365132
-1.956585 -4.298075
-2.093180 -4.384258
-2.098040 -4.286354
-2.268384 -4.149082
-1.946413 -4.414070
-2.342842 -4.284837
-2.592207 -4.076347
-1.976241 -4.042854
-2.404367 -4.375725
-2.174900 -4.298470
-2.463925 -4.329608
-1.960843 -4.290637
-1.947844 -4.220746
-2.271713 -4.251475
-1.876472 -4.094574
-2.176186 -3.934441
-2.146043 -4.331211
-2.262578 -4.406818
-2.423663 -4.417366
-2.202497 -4.106781
-1.837299 -4.353568
-1.520664 -3.048205
-1.887638 -4.214355
-2.302908 -4.359847
-1.904674 -4.245812
-2.445626 -4.025777
-2.523382 -3.891485
-2.101817 -4.284060
-2.437783 -3.904939
-2.346497 -3.743712
-0.699637 -2.206290
-1.986512 -3.888721
-2.168784 -4.362370
-2.344803 -4.310966
-2.081085 -4.321590
-1.964665 -4.304694
-1.955216 -4.363157
-2.475965 -4.309921
-2.544218 -3.976467
-2.537336 -4.187583
-2.366775 -3.934730
2.980325 1.616458
3.113985 1.462733
3.406138 1.346929
3.170801 1.532330
2.990195 1.230941
3.395176 1.133254
3.042728 1.581020
2.560050 0.956984
3.382686 1.150376
3.320296 0.771781
-0.989495 -1.973796
-1.012011 -2.317434
-1.395075 -2.052798
-1.150745 -2.174907
-1.214723 -2.277459
-1.231849 -2.284772
-0.885857 -1.763113
-0.696446 -2.382231
-2.556682 0.154293
-1.368550 -2.309828
-0.564905 -2.106963
-1.092632 -2.400833
-1.021183 -1.809132
-0.625814 -1.867323
-0.902713 -1.744496
-0.915403 -1.748689
-0.737564 -1.910509
3.473765 1.263078
3.255077 1.126030
3.008286 1.444425
2.951911 1.407622
3.258087 1.545370
3.097582 1.430176
3.084005 0.993499
3.340883 1.199498
3.000252 1.228944
3.222629 1.413132
3.294099 1.596916
3.099541 1.421250
3.523101 1.488251
3.017281 1.608227
3.319562 1.142648
3.361024 1.264733
3.012734 1.499933
2.902834 1.030239
3.178083 1.228017
3.371187 1.083737
3.415421 1.361466
3.268025 1.114921
2.269628 0.631940
2.927742 1.577864
3.181929 1.082408
2.845053 1.458518
3.136673 1.527385
3.000568 1.517510
2.859063 1.349314
2.851229 1.296553
3.216369 1.300723
2.907630 1.539573
3.193068 1.463205
3.568604 1.367516
3.661015 1.330825
3.829073 1.451484
3.221746 1.596761
3.416550 1.221838
3.389627 1.396322
3.315451 1.142627
3.466025 1.014440
3.170177 1.588109
3.307172 1.336000
2.904086 1.598914
3.334121 0.966306
3.009503 1.068695
3.236726 1.269268
2.040627 1.430887
1.884238 1.443564
2.924457 1.370540
2.931844 1.388589
2.219532 1.144066
0.724851 1.285401
-1.511292 0.741469
2.321411 1.268940
2.051039 1.122535
2.296921 1.213821
1.325789 0.979758
4.072492 0.744645
2.297984 1.339139
2.302881 1.129349
-3.535052 -0.366479
-3.494956 -0.597529
-2.866424 -0.525407
-1.947539 -1.644226
-2.783857 -0.551263
-2.772073 0.142638
-2.112936 0.590259
-3.152384 -0.719170
-2.936425 0.177558
2.025719 4.313318
2.157150 4.532824
2.039721 4.469398
2.085770 4.500842
2.268162 4.535588
1.945796 4.488653
2.159610 4.545331
1.972067 4.305709
1.878041 4.408743
2.267395 4.489185
2.137120 4.508523
2.199652 4.574277
1.940067 4.607685
1.970755 4.616776
2.021653 4.531404
1.769856 4.435354
2.224246 4.442553
2.261362 4.439998
2.093644 2.179940
1.508938 3.110278
1.388665 3.439764
1.431108 3.477799
1.459901 2.760798
1.399206 3.401707
1.484466 3.431457
1.588679 3.113837
1.367037 3.478004
1.514248 1.229804
1.607351 1.401702
1.303808 1.288378
1.679512 1.382638
1.690037 1.479616
1.605376 1.427273
1.500939 1.604113
1.586018 1.423267
1.489038 1.423554
1.702041 1.616985
1.470586 1.428393
1.637691 2.922930
1.362280 3.029037
1.460566 3.228625
1.608584 3.196581
2.505071 2.358963
2.712841 2.257293
2.717722 2.588103
2.771652 2.256286
2.607770 2.381832
2.842395 2.288643
2.703347 2.428187
2.191587 2.189943
1.754604 2.184043
1.829764 2.214918
2.118685 2.479925
1.886286 2.541831
2.006190 2.613068
2.128020 2.730830
1.865451 2.480115
1.555257 2.239069
1.990447 2.887243
2.049796 2.245797
1.954619 2.776414
1.629616 2.255786
1.732173 2.232558
1.652216 2.460162
2.099347 2.161500
2.060557 2.506338
1.492738 2.330036
2.123507 2.641742
1.870273 3.237086
1.843370 3.577363
1.862075 3.499226
1.896441 3.531537
1.663520 3.447270
1.894415 3.564989
1.739424 3.497506
1.994723 3.323251
1.729320 2.329466
2.000698 2.673363
1.614303 2.372106
2.071885 2.202060
1.920229 2.229985
2.194095 2.397435
1.666875 2.764184
1.793569 2.751383
2.166802 2.574242
2.176465 2.376519
1.496460 2.689547
1.755863 2.243688
1.837397 2.512180
1.585680 2.164523
1.793350 2.111896
1.670572 2.305327
2.159885 2.431411
1.879620 2.861124
1.758129 2.396418
2.170708 2.179760
2.176241 2.359154
2.115955 2.606261
2.073669 2.821772
1.380222 2.517946
2.175193 2.685293
1.776138 2.126100
1.871382 2.854392
2.115768 2.537691
2.196379 2.389545
1.630331 2.271184
2.173389 2.535012
1.644701 2.797674
1.737013 2.760915
1.832794 2.819148
1.555869 2.708843
1.819520 2.408045
1.572984 2.791029
2.162953 2.321665
1.665080 2.725957
1.561740 2.617503
1.668529 2.293671
0.441032 1.115742
2.069452 2.726873
1.850939 2.434696
1.329674 2.726027
2.052650 2.741021
1.179376 2.133296
3.894528 3.219791
4.136637 2.877919
3.701709 2.888886
3.182437 3.093346
3.582068 3.380481
3.851293 3.600827
4.262177 3.534358
4.244605 2.943989
4.253446 3.480089
4.225160 3.588192
3.894424 3.414362
4.086743 2.736464
4.312799 3.056463
3.890200 3.642509
3.785345 3.460999
3.978647 2.823002
4.243977 3.382250
3.688597 3.536665
4.212267 3.452353
4.053516 2.970194
3.970184 3.011522
4.309555 3.250787
4.346146 3.148784
3.436059 3.029995
4.214869 3.024088
3.635100 3.052545
3.785717 2.911401
3.805292 2.840317
4.299008 3.354548
3.572639 2.936892
3.593004 3.455461
3.957507 2.829191
4.075963 2.781298
3.534100 3.416592
4.313542 3.379787
4.244326 3.120928
3.249033 3.069048
3.840355 3.556940
4.354485 3.086881
3.704393 3.577644
3.533020 3.153776
4.136104 3.633350
3.856826 3.093616
3.665379 3.159473
4.164158 3.590378
4.099445 3.011637
3.551488 3.376796
3.773960 2.761748
3.873882 2.963717
3.514030 3.256470
3.928809 3.019848
3.929541 3.017708
3.489636 3.054695
3.809955 3.399935
4.107586 2.862672
4.259728 3.249168
4.209529 3.053387
3.482138 3.011558
3.736667 3.538463
3.613400 3.463123
4.333754 3.067868
3.908308 2.912360
3.822693 3.639439
3.807503 3.680777
4.438657 3.100773
3.468750 3.406924
3.612159 3.038968
4.278165 3.328666
3.384084 3.080549
3.889469 2.865000
4.212049 2.976957
4.217954 2.804418
3.801447 3.670558
4.032884 3.540461
3.614662 3.156142
4.041264 2.869924
3.771999 3.399396
3.944592 3.614328
3.919177 3.662666
4.002865 3.635170
4.092578 3.498544
3.826840 2.834779
3.618253 2.948467
4.127083 2.830458
3.613627 2.796966
3.957784 3.570102
3.792545 2.809436
4.059918 3.422643
4.330464 2.876991
3.593576 3.328174
4.221921 3.511356
3.814581 3.478557
4.174410 3.423391
3.922410 2.877324
3.629455 2.829808
3.896520 2.775254
4.247076 3.413703
4.260020 3.281028
4.213757 2.933183
4.260581 2.985645
3.771894 2.761103
3.612462 2.962911
4.186442 3.500093
3.472583 3.484885
4.116709 2.954114
3.518127 2.888898
3.748652 2.963506
3.566493 3.021096
3.593437 3.483345
4.169158 3.489791
4.103201 3.623725
3.587897 3.599514
4.396818 3.208939
4.356181 3.123094
3.720210 2.969675
3.986222 2.715284
4.194498 3.041583
3.742521 3.613893
3.802907 3.141531
4.271728 3.445560
3.595446 3.105465
4.230148 3.049276
4.193638 2.981616
3.897030 2.770468
4.151506 3.137521
3.741538 3.382359
3.693940 2.924791
3.849379 3.154377
3.482508 2.951601
4.301829 3.044413
4.206613 3.185600
3.831326 3.636069
3.450497 3.240241
3.613128 3.482916
3.645213 2.859808
4.096935 2.947669
3.707509 2.802458
4.355231 3.433995
3.654410 3.378339
4.220895 3.422073
3.764829 3.631302
3.436241 3.162714
4.070543 2.819761
4.019935 2.900428
4.388556 3.422674
3.889750 3.688438
3.424900 3.053747
3.446658 3.545573
2.043976 2.984814
2.252608 2.649068
2.158515 2.520460
1.611686 2.307453
1.979140 2.231151
1.753644 2.632753
0.157459 1.169365
-0.251607 2.294580
-0.016861 2.305648
2.147964 0.606778
2.141844 0.418471
1.917998 0.703287
1.772759 0.703156
1.834742 0.544857
2.047081 0.792690
1.872791 0.479077
2.176899 0.639063
2.007739 0.691104
1.921260 0.939667
1.878939 0.537349
2.105256 0.789341
1.701355 0.567475
2.102832 0.523802
1.970179 0.454533
2.062815 0.777942
2.121072 0.941890
1.860906 0.802226
1.905467 0.740499
1.848472 0.463169
2.084397 0.845171
1.813694 0.743149
2.011186 0.897453
1.900827 0.733713
1.816797 0.399719
1.896267 0.876034
1.917242 0.723990
2.163345 0.648146
-3.517592 -1.599481
-3.692237 -1.172561
-3.412954 -1.365284
-3.823328 -1.352018
-3.586366 -1.347906
-3.710048 -1.325896
-3.763444 -1.056239
-3.563497 -1.531425
-3.720190 -1.246273
-3.417362 -1.182145
-3.784952 -1.110932
-3.679912 -1.431748
-3.755046 -1.182619
-3.412833 -1.406667
-3.806700 -1.858516
-0.104176 -1.383433
-2.888245 -5.964696
-3.651486 -6.022939
-3.916671 -6.241900
-3.644777 -5.971592
-3.824111 -6.188039
-3.862926 -6.200500
-3.908990 -6.169850
-3.867839 -6.243422
-3.890060 -6.149405
-3.902945 -6.167103
-3.870471 -6.222047
-2.981921 -5.695572
-3.151592 -5.921117
-2.835739 -5.650335
-2.841933 -6.559110
-3.448764 -5.503972
-3.421633 -5.715072
-2.979275 -5.546878
-3.313921 -5.571202
-4.089475 -5.654354
-3.306377 -5.470397
2.196418 5.859084
1.929197 5.828429
2.238678 5.838006
2.006084 5.729074
2.207171 5.720297
-0.824307 0.501609
-0.877989 0.776667
-1.466958 -0.179447
-0.603237 0.631510
-0.972893 0.510859
-0.445112 0.529103
-0.700795 0.604394
-0.318615 0.699150
-0.815893 0.494342
-1.119670 1.973662
-0.463882 0.496434
-0.773070 0.689682
-0.698727 0.806618
2.161559 3.656565
2.457554 3.568462
1.592491 2.781941
-1.042084 -0.925847
-0.210887 -3.436862
2.323127 3.696361
2.336497 3.675889
2.229731 3.651024
2.012864 3.521908
2.462391 3.352697
-0.427197 -0.623746
-2.207599 -0.851905
-1.153153 -0.893980
-1.559625 -0.773866
-3.235426 -0.592514
-3.255043 -0.374189
-2.680926 0.012538
-3.761724 -0.590066
-3.954592 -0.578769
-3.979067 -0.512911
-4.051702 -0.705862
-3.577616 -0.721047
-3.467418 -0.590854
-3.427608 -0.842808
-3.654390 -0.494688
-3.870286 -0.473526
-3.745593 -0.359407
-2.787814 -0.166596
-3.020734 0.076532
-2.603803 -0.435674
-2.818740 -0.775267
-2.761599 -0.536887
-2.997405 -0.515056
-2.665260 -0.606131
-2.747578 -0.559611
-2.868542 -0.607738
-2.576694 -0.397125
-2.900450 -0.367212
-2.919032 -0.703033
-3.054382 -0.638093
-2.799779 -0.600985
-2.820498 -0.470532
-2.398675 -1.868305
-2.592091 -1.978965
-2.511454 -1.872851
-2.643943 -1.660332
-2.486251 -1.921790
-2.513563 -1.811441
-3.053530 -1.175577
-2.372158 -1.662015
-2.538931 -1.877755
-0.441855 -1.199636
-1.595064 -2.270436
-1.742026 -2.109049
-1.973160 -2.299435
-1.973050 -2.198564
-1.954287 -2.212941
-1.148034 -2.167552
-0.824673 -2.368450
-1.367908 -2.001448
-1.233719 -1.958395
-0.570005 -1.988644
-1.094770 -2.220056
-0.843104 -2.197476
-0.724001 -2.148473
-1.299174 -2.256852
-1.212919 -1.835384
-1.064481 -1.859671
-1.446919 -1.964283
-1.375060 -2.004609
-1.266220 -2.150331
-1.040109 -2.436218
-1.026723 -2.198071
-0.583942 -1.954555
-1.300202 -2.279364
-1.134633 -1.851429
-1.153916 -2.239300
-1.003374 -2.131467
1.332001 1.428843
-1.757597 -2.423967
-0.486011 -2.646357
-0.529323 -2.575920
-0.367242 -1.902690
-1.818971 -1.973453
-1.890375 -2.134628
-1.742122 -2.349325
-0.902229 -1.941728
-1.785787 -1.616826
1.356244 1.674906
-1.562576 -2.251744
-0.678540 -2.305945
-0.739804 -2.448527
-0.550911 -1.858880
-1.272025 -2.349413
-1.516314 -2.036865
-1.592733 -2.124372
-1.547128 -2.337652
-1.256092 -1.841844
-1.462625 -1.649467
-1.184715 -1.773395
-1.246611 -2.230647
-1.183515 -1.972935
-1.153281 -2.402896
-1.148024 -2.367082
-0.971075 -2.190390
-1.032015 -2.416393
-1.306552 -1.987114
-1.098512 -2.529202
-1.075459 -1.861207
-1.225764 -1.825013
-0.692351 -1.850127
-0.998153 -1.998954
-1.307833 -2.440063
-1.239843 -1.774455
-0.968496 -2.085879
-0.683095 -2.043093
-0.846542 -2.120574
-1.239716 -2.011240
-0.915817 -3.097507
-0.898307 -3.327177
-1.020646 -3.318203
-0.961655 -3.425747
-0.843041 -3.301988
-0.868124 -3.284830
-0.777956 -3.405333
-1.059157 -3.107590
-0.971445 -3.290185
-0.987594 -3.467265
-0.919088 -3.706887
-0.996897 -4.047949
-0.882250 -3.982702
-0.875107 -4.043064
-1.080132 -3.194524
-0.976225 -3.598590
-0.979577 -3.882078
-0.928669 -3.865829
-0.508619 -2.474393
-0.250447 -2.698238
-0.149912 -2.465123
-0.260543 -2.566329
-0.798754 -2.406396
-0.533139 -2.606315
-0.954820 -1.723994
-0.763181 -1.817601
-1.295367 -2.320300
-1.231646 -2.150814
-1.416539 -1.872050
-1.259307 -2.260725
-0.537366 -2.448784
-0.344441 -2.590910
-0.242344 -2.660509
-0.250211 -2.638558
-0.888407 -1.637909
-1.077456 -2.299062
-0.824460 -2.335230
-1.519560 -2.462757
-1.550725 -2.632077
-1.721936 -2.642564
-1.551762 -2.733263
-1.516359 -2.749621
-0.984794 -1.660623
-0.681517 -1.974564
-1.223864 -1.885925
-0.666965 -2.266653
-1.089301 -2.285844
-1.341474 -1.853934
-0.758521 -2.204808
-1.081168 -2.267360
-1.398731 -2.133735
-1.141326 -2.365296
-0.719698 -2.297842
-2.271454 1.574169
-2.342704 1.362091
-2.609195 1.704819
-2.730186 1.640585
-2.456454 1.764911
-2.554241 1.303252
-2.336379 1.255606
-2.360632 1.498615
-2.530573 1.439731
-2.530748 1.394857
-2.497472 1.219773
-2.776001 1.323687
-2.587797 1.806556
-2.744691 1.605646
-2.518712 1.522615
-2.300542 1.464660
-2.399574 1.378083
-2.505529 1.649307
-2.556463 1.903862
-2.085889 1.396130
-2.623972 1.656875
-2.571101 1.416315
-2.521443 1.245364
-2.606131 1.628737
-2.191555 1.460493
-2.142715 1.327384
-2.366647 1.275550
-2.437619 1.850593
-2.066800 1.523733
-2.739506 1.631258
-2.453052 1.824371
-1.650096 2.474772
-2.622645 1.727861
-2.417971 1.316800
-2.712563 1.793319
-2.593482 1.470893
-2.622926 1.533025
-2.513503 1.257988
-2.553768 1.691416
-2.480175 1.334029
-2.638536 1.643721
-2.397007 1.389856
-2.682880 1.491937
-2.592941 1.499527
-2.890345 1.439108
-2.135954 1.948722
-2.516037 1.675494
-2.588390 1.475956
-2.604125 1.446042
-2.446879 1.725819
-2.434934 1.305808
-0.643103 -2.069739
-1.053059 -2.135626
-0.628965 -2.227506
-0.557244 -1.961533
-1.481577 -3.110400
-1.360858 -3.530355
-1.631581 -3.521320
-1.381581 -3.362148
-1.535162 -3.383026
-1.717487 -3.166961
-1.506160 -3.493380
-1.269132 -3.519869
-1.616028 -3.122198
-1.853663 -3.037329
-1.696697 -3.234474
-1.610940 -3.324770
-1.460620 -3.335831
-1.467403 -3.451421
-1.459507 -3.341744
-1.341331 -3.508968
-1.601869 -3.305389
-1.410482 -3.400001
-1.450914 -3.455480
-1.251804 -3.329253
-1.288338 -3.316996
-1.511748 -3.434298
-1.473056 -3.289407
-1.549485 -3.313874
1.209823 -3.202392
-3.593993 -2.684625
0.422484 -5.891932
-2.113739 0.074085
3.106053 -0.975020
3.135765 -0.983583
0.109096 -3.271512
0.130323 -3.449139
-0.033631 -3.515004
-0.244723 -3.657102
-0.188728 -3.366183
-0.289984 -3.619183
-0.492855 -3.428419
-0.156732 -3.708883
-0.079147 -3.239069
0.097440 -3.449165
0.031640 -3.597353
-0.167245 -3.609392
-0.147752 -3.226464
-0.039599 -3.507581
-0.114499 -3.715381
-0.178617 -3.660964
0.258836 -3.326078
-0.370094 -3.812233
-0.111548 -3.491097
-0.048135 -3.554413
0.032574 -3.627397
0.014817 -3.613638
-0.222904 -3.756062
-0.431441 -3.586550
0.206383 -3.533423
-0.359652 -3.406196
-0.324664 -3.569837
-0.029714 -3.458681
0.098086 -3.480725
0.032042 -3.384603
-0.467415 -3.600627
-0.225804 -3.642965
0.118641 -3.498043
-0.230825 -3.606450
0.105091 -3.441167
0.239750 -3.480202
1.090047 0.394658
1.957007 -0.441810
-2.577711 2.348454
3.216796 -0.023955
3.462790 1.362543
-6.095008 -3.166322
-6.135778 -3.456031
-6.151813 -3.525833
-6.327457 -3.346488
-6.349691 -3.207497
-6.471197 -3.108453
-5.855532 -3.391795
-5.822312 -3.254375
-6.263184 -3.311203
-6.232390 -3.487493
-5.976368 -3.438227
-6.135647 -3.456298
-6.728961 -3.294650
-6.822693 -3.514532
-7.033746 -3.418651
-6.052166 -3.491383
-6.063549 -3.457997
-5.958330 -2.930937
-6.347376 -3.009233
-6.067556 -3.437578
-6.012196 -3.520314
-5.971913 -3.470903
-6.288471 -3.101030
-6.224277 -2.818631
-6.301466 -3.330462
-6.176699 -3.488977
-5.983426 -3.438186
-6.445634 -3.140329
-6.114488 -3.318980
-6.353498 -3.264010
-6.375093 -3.232506
-6.252873 -3.390488
-6.005296 -3.478756
-6.236629 -3.316671
-5.919114 -3.191358
-6.326369 -2.842842
-6.359630 -3.157860
-6.279160 -3.337747
-6.368076 -3.201525
-6.185937 -3.441590
-5.944940 -3.347208
-6.360647 -3.320697
-5.363841 -2.247599
-6.203149 -3.716943
-6.296542 -4.090528
-6.213004 -4.127147
-6.185559 -4.068987
-4.433173 0.535268
-4.387428 0.196877
-4.442329 0.473408
-4.413423 0.703232
-4.423156 0.719270
-4.449106 0.793896
-4.072392 0.554783
-4.834788 0.696331
-4.810984 0.702167
-4.905183 0.657229
-4.955626 0.742917
-4.210729 0.723225
-4.461786 0.171779
-4.320365 0.228543
-4.733776 0.285403
-4.197367 0.365303
-4.616424 0.913961
-4.523546 0.095766
-4.763147 0.827378
-4.492229 0.707138
-4.543954 0.752623
-4.805943 0.657090
-4.264081 0.243057
-4.758811 0.274594
-4.327493 0.575383
-4.651053 0.645037
-4.202826 0.548550
-4.520093 0.665289
-4.713526 0.129625
-4.739531 0.599533
-4.308537 0.658062
-4.487247 0.760933
-4.197339 0.527042
-4.841084 0.367448
-4.683763 0.593572
-4.937201 0.565001
-4.723789 0.219870
-4.542131 0.703816
-4.614516 0.198259
-4.573846 0.299282
-4.464852 0.432736
-4.631014 0.337786
-4.830123 0.617261
-4.759733 0.529703
-4.785958 0.551655
-4.605244 0.417116
-4.833767 0.637959
-4.509840 0.719833
-4.248868 0.367666
-4.773649 0.702372
-4.731063 0.221127
-4.359379 0.239151
-4.341734 0.667420
-4.532260 0.349134
-4.345456 0.827916
-4.823073 0.586575
-4.359385 0.207383
-4.792292 0.492480
-4.734875 0.446884
-4.443124 0.199178
-4.566877 0.736560
-4.554513 0.679543
1.540866 -2.047146
0.261983 -0.283324
5.280884 4.590734
1.016272 2.230488
1.086676 2.308587
4.224201 5.401372
3.982242 5.232800
4.364358 5.030605
4.452293 5.643852
4.543950 5.215364
4.142069 5.550974
3.972962 5.083440
3.872959 5.228362
4.122450 5.045464
4.039397 5.071879
3.998922 5.349034
4.511286 5.518479
3.992236 5.081347
4.632767 5.427756
3.809443 5.344801
4.112741 5.496468
4.408494 5.696929
4.412690 5.683358
4.239635 5.107112
4.163662 5.670435
4.426094 5.521070
4.190611 5.030975
3.964354 5.147326
4.036595 5.636071
4.178456 5.597880
4.189864 5.159664
4.338457 5.213969
4.195265 5.252234
3.960380 5.648366
4.351180 5.656889
4.053951 5.047594
4.081916 5.682309
3.826688 5.409110
4.266401 5.658336
3.693216 5.329487
4.166811 5.432389
4.137331 5.626553
4.000430 5.411689
3.955972 5.134426
3.956036 5.134358
4.602644 5.296194
4.010575 5.673106
4.572822 5.476009
4.004755 5.212088
4.420274 5.571533
4.357770 5.305416
4.446951 5.718722
4.093643 5.100623
3.840947 5.382623
4.087491 5.016991
4.394317 5.662820
4.066955 5.256638
3.817157 5.425912
4.024518 5.700359
4.543981 5.502053
4.021960 5.254022
4.461629 5.208032
3.931547 5.708392
4.109312 5.197505
4.115545 5.282148
4.174602 5.709035
3.961679 5.667054
4.295113 5.537633
4.471204 5.666256
4.486018 5.189172
4.193429 5.634229
4.641987 5.626950
4.087137 5.520932
4.224331 5.693885
4.332989 5.417742
3.940280 5.151106
4.028157 5.116284
4.577499 5.515559
4.345140 5.041619
4.198815 5.182211
3.953295 5.199236
3.567493 5.294033
3.361061 5.278884
3.296085 5.263767
3.280391 5.138073
3.339420 5.234326
3.357407 5.253477
3.293550 5.220213
3.320552 5.314743
5.410508 4.454130
5.127426 4.402453
5.373629 4.318910
5.437747 4.447503
5.189900 4.248315
5.159230 4.535219
5.106208 4.604121
5.361280 4.350684
5.306808 4.530030
5.474795 4.513518
5.341191 4.376678
5.434940 4.338744
5.352396 4.532658
5.370435 4.316507
5.294451 4.360244
5.366559 4.433924
5.311749 4.471890
5.396492 4.372140
5.448215 4.499743
5.113741 4.296135
5.293436 4.428523
5.248253 4.351130
5.108448 4.429570
6.040426 5.286075
5.961637 5.537007
5.915176 5.453015
6.196978 5.318724
6.247937 4.931714
5.907433 5.432259
6.327384 5.481110
6.019185 5.340325
5.792912 5.347275
6.308535 5.320551
6.246665 5.354826
6.349128 5.183937
5.999003 5.596354
6.066518 5.404113
6.236557 5.226144
6.326561 5.390188
6.269723 5.335904
6.006880 5.284759
5.724033 5.632762
6.124099 5.213209
5.755916 5.455412
6.002682 5.063186
6.284366 5.184067
6.262675 5.419548
5.991815 5.506124
5.730291 5.600265
6.313468 5.049186
6.252408 5.142715
5.877808 5.644704
6.260815 5.383539
5.856300 5.484583
6.191149 5.298427
5.789326 5.085212
6.184611 5.541093
5.960539 5.404190
6.304195 5.432887
5.807244 5.560505
5.884403 5.302257
6.097983 5.479856
6.150133 5.496360
5.650484 4.268302
5.868370 4.071953
5.971996 4.220870
4.838881 2.466572
5.061482 2.621233
5.081991 2.486055
5.022367 2.606108
5.098773 2.584764
4.987458 2.568307
4.919389 2.711768
5.157473 2.539882
5.813087 4.250903
6.038539 4.024302
6.095573 4.081155
5.570449 4.150576
5.747143 3.927496
5.730223 3.997863
5.396374 4.561374
-2.170748 3.904858
-2.488112 3.371008
-1.979813 3.410285
-2.469269 3.863597
-2.496715 4.043445
-2.526955 3.833663
-1.889714 3.715812
-2.601778 3.263564
-1.970197 4.357267
-1.856037 4.560075
-1.856481 4.305586
-1.783712 4.476902
-1.842340 4.595356
-1.690551 4.251797
-1.686177 4.659139
-1.629337 4.558233
-1.913908 4.595581
-1.962743 4.603805
-1.557143 4.533874
-2.137420 3.244470
-1.980090 3.236246
-2.087894 3.655736
-1.864568 3.403481
-1.858123 3.667886
-2.377274 3.407835
-2.806350 3.526080
-2.711535 3.769788
-1.883488 3.436671
-2.031587 3.915786
-2.110066 3.154461
-2.361213 3.188993
-2.317523 3.133197
-2.345902 3.307342
-2.536996 3.825382
-2.019455 3.334309
-2.689752 3.393593
-2.654957 3.731366
-2.502800 3.230516
-2.455555 3.603023
-2.024841 3.314624
-2.553150 3.372575
-2.715349 3.470782
-2.205158 4.003860
-2.449473 3.973964
-2.178911 3.462097
-2.505095 3.346685
-1.881268 3.535663
-1.896330 3.824193
-2.587528 3.341507
-2.306007 3.954406
-2.025075 3.720079
-1.930201 3.255662
-2.324042 3.137073
-2.117384 3.330588
-2.338497 3.959918
-2.410758 4.121374
-2.593808 3.829939
-2.070868 3.937540
-2.596005 3.943661
-2.457143 3.231100
-1.905577 3.905023
-2.137910 3.936395
-1.940262 3.928591
-2.223862 3.304656
-2.627694 3.675004
-2.320645 3.266903
-2.267821 3.796594
-2.653637 3.489236
-2.076137 3.156776
-2.701289 3.380986
-2.644615 3.279786
-2.015133 3.563199
-2.399276 3.924578
-2.443547 3.211141
-1.933750 3.206576
-2.550930 3.228822
-2.669939 3.544503
-2.506814 3.775711
-2.404756 3.843914
-1.920309 3.269518
-2.745039 3.436716
-2.019147 3.215127
-2.331566 4.014057
-2.604564 3.863556
-2.506371 4.057586
-2.589555 3.804419
-1.987515 3.732026
-2.060342 3.800307
-2.365654 3.380954
-1.777099 3.581926
-2.032709 3.604998
-2.582858 3.902827
-2.504057 3.980641
-1.966275 3.318433
-2.231968 3.213613
-2.386606 3.297969
-2.282821 3.903337
-2.578950 3.818730
-2.166347 3.998184
-1.890079 3.620404
-2.789934 3.510086
-2.329048 3.854043
-2.231732 3.206240
-2.534563 3.670162
-2.584076 3.708024
-2.657133 3.622612
-2.262634 3.967002
-2.166626 3.906482
-2.544236 3.292378
-2.313068 4.123238
-2.409599 3.855738
-2.528661 3.689245
-2.252362 3.841822
-2.052355 3.272647
-2.539917 3.760785
-1.672733 3.710756
-2.011125 3.743860
-2.397191 3.156485
-2.481366 3.806226
-2.072894 3.999662
-2.254958 4.023570
-1.731532 2.819547
-2.023762 3.808945
-1.797526 3.594693
-1.971622 3.924149
-2.626412 3.360368
-1.970915 3.632375
-2.516163 3.362940
-1.816530 3.485286
-2.752826 3.334668
5.006730 0.425571
5.054168 0.302648
4.689074 0.513713
5.171120 -0.114333
5.156829 -0.014629
4.521844 0.244255
5.099861 -0.089805
4.622305 0.463377
5.162830 0.525353
5.176612 0.677551
5.111493 0.798558
4.826663 0.411071
4.861149 0.246519
5.115307 0.210087
5.078396 0.288797
5.190409 0.289385
4.652756 0.282351
4.910647 0.399134
4.962977 0.341442
4.645482 0.292969
4.856132 0.090069
5.116418 0.245908
5.016956 0.105088
4.961085 -0.012288
4.742066 0.288628
4.527308 0.346545
4.945972 0.188250
4.943050 0.347361
4.833220 0.237823
4.888226 0.256133
5.107340 0.114955
5.136425 0.267457
5.473392 -0.052138
5.754461 -0.047997
5.713293 0.006669
5.701701 -0.122392
5.717421 -0.082933
5.643217 0.116990
5.640839 0.026181
4.729910 0.064455
5.095941 0.138409
4.758816 0.521328
5.021908 0.420624
4.993760 0.197869
-1.986234 -4.078438
-2.135733 -4.008057
1.679051 2.854681
2.379181 2.152406
1.003990 2.942950
1.985711 3.335207
-3.668888 -2.786812
-4.354517 -2.560163
-4.641202 -2.443217
-4.613066 -2.491140
-4.590455 -2.413025
-4.583564 -2.505488
-4.385350 -2.963387
-4.619923 -2.621532
-4.506203 -2.341689
-4.575447 -2.495671
-4.447756 -2.689945
-4.766651 -2.467055
-4.599538 -2.439451
-4.328826 -2.754475
-4.608543 -2.423082
-4.561499 -2.423635
-4.633942 -2.478159
-4.545161 -2.688746
-4.548548 -2.541181
-4.300084 -3.263603
-4.714080 -3.115867
-4.854430 -2.929375
-4.972072 -3.187889
-4.788544 -3.290814
-5.044906 -3.313226
-4.945237 -3.231402
-5.115065 -3.278553
-5.023639 -3.442336
-4.622974 -3.924435
-4.357185 -4.119089
-4.752177 -4.169340
-4.687899 -4.275094
-4.865556 -4.137572
-4.822978 -4.146641
-4.838208 -4.154762
-4.272146 -4.038634
-4.730463 -4.154134
-4.278173 -4.064193
-4.709381 -4.143304
-4.721318 -4.089684
-4.833840 -3.571120
-5.076191 -3.533711
-5.119709 -3.513255
-5.172964 -3.511797
-4.843398 -3.835155
-4.964389 -3.464912
-5.182051 -3.494933
-5.098952 -3.596767
-5.086319 -3.468276
-3.867690 -3.359354
-4.039394 -3.963294
-4.126390 -4.108314
-3.995207 -4.223310
-4.089731 -4.205343
-3.975817 -3.847144
-4.098172 -4.053228
-4.121525 -4.203614
-3.798359 -3.463355
-3.909273 -3.645022
-4.307863 -3.338341
-4.299654 -3.330525
-4.397504 -3.221659
-4.416322 -3.483813
-3.739897 -2.490134
-3.910379 -2.605962
-3.609863 -2.803944
-3.671375 -2.243086
-3.433202 -2.518229
-3.638262 -2.443735
-3.979614 -2.178590
-2.948810 -3.239896
-3.566020 -2.815065
-3.714097 -2.796602
-3.686797 -2.761148
-0.834199 2.685121
-0.459461 2.095300
-0.168872 2.564030
-0.100030 2.298184
-0.177354 2.067137
0.005660 2.161929
-3.183615 2.147366
-0.040792 2.589114
-0.091192 2.402175
0.171532 2.348798
-0.052282 1.995812
-0.250262 2.195842
-1.466227 2.962774
-0.448632 1.939801
0.380545 2.407629
-0.197318 2.374886
-0.151268 2.067939
0.002901 2.217056
-0.223821 2.357432
-0.099864 2.480032
-0.286965 2.070330
0.177759 2.311917
-0.259903 1.979270
-0.158559 2.401492
-0.007548 2.232606
0.039733 1.423824
0.035318 2.271469
-0.240163 1.997289
0.622274 1.788566
-0.498541 1.970528
-3.448339 2.033543
1.883820 2.508224
0.034151 -6.259515
-1.652106 -2.772707
0.683904 1.854044
-3.025827 0.210299
1.701199 2.095801
-2.247941 2.471252
-1.587747 1.901189
-1.327986 1.702506
-1.602576 5.254668
-0.422335 0.659168
-0.483664 0.649272
-1.606230 -0.222005
-0.724071 0.644191
-0.076889 -0.908491
-0.644076 1.678452
-1.665445 -1.093102
-1.412004 0.423296
-0.919019 -0.129068
-1.309666 2.987880
-0.100813 0.575781
-1.420565 0.019672
3.814858 -2.796817
4.010321 -2.611132
-1.186666 5.770469
-1.162376 5.999427
-0.210357 -0.109077
-1.430551 4.266985
-1.582350 4.553470
-1.433448 4.497099
-1.445210 4.468221
0.007911 1.588017
0.351254 -6.860463
0.019867 2.342866
0.108213 1.647560
1.973715 -2.364416
-5.317690 2.236532
-5.611372 1.978658
-1.302255 1.947682
-0.678258 -0.149809
-3.134040 -2.176365
-5.188349 0.010979
2.221037 -2.935355
-1.289880 2.940531
-1.245497 4.374078
-5.514261 0.168580
-5.640013 0.158925
4.065118 -3.790339
4.264371 -3.929325
-1.756656 1.201415
-1.679445 0.713284
-1.441049 0.214535
-3.048427 -1.780340
-1.384152 5.359210
-1.687262 5.976467
4.277183 -1.553412
-2.215640 0.980129
-1.014744 0.698289
-0.484945 1.502306
-1.253498 1.952408
-2.698678 3.980189
-1.620791 2.085355
-1.440452 1.768935
0.412706 3.991590
4.339025 -1.312175
0.397492 1.366691
0.116583 3.645336
0.241693 3.800703
0.683662 0.969652
-3.315965 1.430223
-3.260580 1.213565
-3.546474 1.609772
0.511183 2.944737
-1.150817 1.060559
-1.087610 1.463387
-3.087025 2.764682
-2.478014 2.548619
-2.304251 2.326082
-3.431266 2.405377
0.078452 1.546037
-2.099218 2.258474
2.638185 3.005899
-2.610820 -1.063809
0.450239 3.282306
0.661120 3.154164
0.670134 3.408302
-5.605806 0.111714
-5.779314 0.233210
0.429198 4.146819
0.789253 6.804214
0.690106 6.933486
4.254757 -0.461869
4.186835 -0.643251
-0.697267 -1.242637
-0.177084 5.234950
-0.085343 5.358613
-0.589122 0.162430
-0.648519 -0.668245
-3.265279 -1.950871
-1.980124 -0.606977
-2.925881 0.426069
-2.636540 -0.400286
-3.026723 0.235525
-0.799928 -1.079684
-1.965569 -1.272933
-0.852181 2.358503
-4.338894 3.872290
2.721444 3.160209
2.592734 3.139823
-0.003452 3.306938
0.957012 3.146693
0.115137 3.501992
0.399907 4.963032
0.277547 3.934149
0.205586 3.892519
4.067478 -1.569409
-1.122594 2.981691
-3.775271 2.485979
-1.272158 -2.064702
0.012039 4.498294
-0.194558 4.553439
-3.184858 -1.851143
-1.676136 0.036227
-0.039973 5.297493
-0.100378 4.972439
3.868328 -0.222392
6.505216 -1.040109
0.635792 0.468299
-1.887458 4.769026
-1.298498 2.891848
-2.788379 -1.511648
-2.780931 -1.302550
-0.147605 5.875331
0.323640 -6.471907
-3.128452 2.452321
0.162840 -7.134979
-1.455726 0.081731
6.133533 -1.199377
-1.058184 -0.878422
-0.133870 3.563654
-1.369194 1.039989
-1.623176 1.329229
-1.053162 1.301715
-2.924891 -2.082177
0.344507 4.030583
-1.921364 2.644840
-5.476936 0.194467
0.102188 3.227798
1.075269 2.576588
-5.792037 2.116799
1.000937 6.529641
0.638170 6.398475
3.994724 -0.042700
-1.978800 1.881710
-7.085903 -3.277099
-0.511843 2.700304
-0.594858 2.557778
-3.048420 -2.209850
3.011062 -0.469648
-1.145787 0.558875
-1.211490 3.953162
-4.294892 -0.135028
3.918893 -3.370675
-1.133462 -0.955508
3.988382 0.065038
-1.657244 5.879522
0.503749 -6.783662
-2.259771 1.219326
-0.534194 1.079308
2.712958 3.273706
-0.578818 1.705743
-0.039887 5.692436
0.098490 5.876709
-3.610211 1.774907
-4.717515 2.000284
-3.402686 -0.151379
-0.580463 2.643979
4.101118 -0.954490
1.535695 0.253457
-0.553542 2.763888
-2.497109 -7.283520
-2.322723 -7.478312
-1.577191 6.105974
-1.078893 1.357817
-0.174821 0.136349
-3.248751 2.873465
-3.589557 2.597947
-5.227669 3.249106
1.615246 2.888450
-3.198416 -2.049834
4.089297 -0.264720
4.120636 -0.039557
0.399002 3.826254
3.516691 1.903048
2.985582 1.768718
-1.154276 0.968454
-5.120164 -2.492934
-1.185947 -0.879534
-1.827198 0.660466
-3.360099 1.989575
-3.109004 2.114921
-2.888561 1.773505
-2.489769 0.330640
-1.826371 -1.382183
-2.295125 -0.419358
1.061361 4.112353
-1.085842 2.497850
2.203040 2.285389
-0.806538 -1.048899
1.835346 3.496967
-1.487154 1.178680
-1.379847 0.852736
-3.818778 -2.234109
-1.251770 3.037062
-0.368919 3.165467
0.038445 3.496479
0.608117 5.094636
-0.292770 3.662953
0.317606 4.822850
0.420790 5.138382
0.573356 5.173814
0.382225 5.149602
0.828691 5.109428
0.532350 5.700006
0.626250 4.728297
0.602963 4.856885
-3.495014 2.375238
-3.676051 2.622065
-5.357373 2.074060
-5.474391 1.993915
-2.465497 0.914613
-2.341607 -7.473348
-1.570098 5.643861
0.021009 -0.272090
-0.967745 2.905630
-3.737316 -1.562704
7.156603 -1.395756
7.324002 -1.556682
-2.384156 2.403812
-1.648194 -0.204238
1.534904 3.112333
-0.015329 0.197169
-4.059286 -1.968783
7.317345 -1.234327
-0.988673 4.752327
-0.758247 2.948798
-2.927873 -0.026194
0.679323 1.636852
0.657784 1.472106
5.235496 0.570530
-2.324597 0.795029
0.159522 0.965045
0.598599 1.248413
3.455440 0.825609
3.668604 0.870980
3.666104 -2.061841
4.007759 -2.891855
-0.635125 2.966885
-0.463582 2.637269
-1.841262 6.046523
-2.048053 6.327453
1.055810 5.310989
-3.204213 1.605909
-0.609657 -5.243830
-2.283817 2.142628
-0.152024 4.434963
-2.722476 0.903535
-2.917693 0.814635
-0.592254 2.852591
-0.468027 3.075767
6.506757 -1.589469
6.709436 -1.746244
-2.186407 5.076599
0.758086 1.450073
1.460999 -1.147846
-2.050955 5.101798
6.712712 -2.729991
6.533107 -2.607591
0.641324 1.835908
0.383487 1.632535
-1.735570 2.340016
4.643138 -0.623248
4.958857 -0.576101
-4.599324 3.598299
-4.383920 3.279400
1.575227 -1.366103
-1.815746 -0.446289
5.083936 -0.636473
5.481303 -0.668243
-1.482528 4.534353
-1.146458 2.143005
-1.215219 1.992910
-0.280955 4.247274
-0.428366 4.916200
-1.257671 5.011339
0.426151 3.804510
-0.539029 4.549965
-0.461272 3.608435
-0.579482 4.210290
-0.409744 2.695423
0.002395 2.877540
2.917856 -0.669122
2.811360 -0.843115
1.575656 -0.960968
-2.453603 4.205472
-1.330054 5.240654
-6.180496 2.261063
-6.155596 2.140285
0.765886 5.696404
0.654879 5.765214
0.497029 6.911309
0.446730 7.189323
-0.101941 1.197633
-0.627426 1.389256
0.227702 0.740819
0.132937 1.066985
0.288812 0.716069
0.470991 7.190499
-5.102833 1.526309
-5.402598 1.584936
-5.409820 1.496460
0.338614 7.141593
0.416553 7.069429
-5.246587 1.289809
0.123452 -0.110505
0.073401 -0.032744
0.582753 7.151212
-3.290089 -0.128689
-3.584926 2.841474
-2.838222 -2.204671
-3.233326 3.310434
2.238296 -2.527905
0.483769 1.081950
-0.635819 5.652031
-1.202613 2.599485
-0.983005 2.224102
-1.717803 5.317568
-5.686481 2.258048
-5.969374 2.247739
4.088840 -0.130440
-0.595053 1.080545
-0.561140 1.219659
-7.310002 -3.267634
-7.340040 -3.221012
4.240727 -1.786772
-3.018652 0.926583
-3.329284 0.963579
-0.782577 2.985288
-3.570440 3.099810
6.237329 -1.348092
-1.037645 2.800641
-1.333253 2.631530
6.266952 -1.286993
6.321095 -1.085012
-0.322884 1.319613
1.011674 5.229928
-3.106913 3.238728
-2.054062 -2.523726
5.396455 -0.897111
4.972700 -0.628047
0.677970 4.313207
0.889104 4.303588
0.749690 4.484305
-5.452692 0.172854
6.706156 -1.802025
0.852691 4.400918
0.805756 4.398191
-0.158504 0.923513
0.680272 1.387783
0.910811 4.346712
0.928126 4.350378
0.823323 4.573877
-3.515067 3.396161
0.800085 4.418812
-2.348992 -7.463266
-1.749565 2.191504
-1.171827 -3.363719
1.693978 -3.019119
1.238229 -3.110330
-0.971981 0.138324
-1.393332 -3.211080
-0.017619 5.457787
-0.674063 3.454145
-0.683988 3.763081
-0.551936 3.633200
-0.432827 3.618459
0.820850 2.399787
-0.646529 1.059629
-3.170870 4.131336
0.774804 3.621640
4.008173 -0.261800
6.618232 -1.132002
-1.200979 6.011115
-1.389606 5.585527
-0.620018 4.849556
-1.927831 2.726548
-2.088318 2.773120
0.184958 0.918756
-0.802204 0.356247
-2.376679 4.470836
3.931453 -3.568743
-0.345400 0.044465
-1.462388 0.353167
1.036608 5.248514
0.061816 4.668082
5.677969 -2.537109
5.861183 -2.850880
-1.479715 2.931255
-1.170884 3.246626
1.130358 6.692904
-4.133860 3.591255
0.949531 1.061343
0.910931 1.144101
-1.773674 0.385663
-4.360519 -1.654855
-3.894373 -1.939700
-0.717501 3.878424
-0.822120 4.051508
-0.759040 -1.160975
-4.211465 -0.216723
0.350254 2.216292
0.229341 2.688092
-1.328642 3.814006
-1.301391 3.669627
-1.445317 3.796833
0.676381 1.955166
0.716704 1.784879
0.650492 1.725690
-0.518246 1.512674
-0.392115 1.309150
0.204400 2.346101
-1.364974 5.643277
0.864445 1.401897
-0.239136 0.433921
-0.611912 6.073873
-0.693045 6.369673
-1.864193 0.895317
1.273606 1.245383
-0.255565 4.846924
-0.009742 4.713299
0.004885 4.539055
-0.070002 4.563141
-0.105947 4.879413
-0.067474 4.600535
0.082610 4.626575
-0.034904 4.587693
-0.046227 4.525280
-0.313340 4.376311
-0.627929 3.501614
0.050085 4.706589
-0.312947 4.751151
-0.108706 4.516697
-0.151537 4.667010
-0.407906 4.687669
-0.389317 4.628531
-0.142076 4.903938
-0.232918 4.590636
-0.194821 4.615793
0.232936 2.659316
-3.303049 2.317560
-3.398748 2.329834
-3.366091 2.252226
-3.512180 2.197916
-3.326456 2.248051
-3.307550 2.366408
-3.349085 2.338064
-3.551416 2.380626
-3.377833 2.155331
-3.083637 2.408641
-3.422566 2.426610
-3.632832 2.263093
-3.823684 2.298909
-3.299438 2.443273
-0.610933 3.637032
1.543509 -0.440324
1.361763 -0.115835
-4.229266 3.203646
-0.997490 -0.236722
-0.180789 6.471961
-0.332327 6.219334
4.290242 -1.789561
4.230954 -0.250174
-0.278707 -3.392408
-1.439729 2.136479
-5.660029 2.358731
-5.566757 2.327682
-1.216295 3.083916
-1.078769 2.924819
-3.113402 -4.389310
-2.587718 2.260526
-2.163368 -2.702063
-4.042255 -0.507754
1.170783 -0.114488
-0.995472 2.624105
-0.896750 2.413167
-2.555186 -1.510741
3.329985 1.926401
3.280197 2.067036
2.207905 2.487390
4.138516 -0.066885
4.013935 -0.173363
3.918457 0.013000
3.939243 -0.332653
4.100216 -0.288573
3.942075 -0.268129
4.117251 -0.128625
3.836672 -0.024304
-0.823025 2.994809
7.421958 -1.432205
-3.023652 -4.350110
0.393097 1.179164
0.795554 0.924299
0.690948 1.070095
-0.490411 2.346137
-0.534838 2.656839
-0.627566 2.402669
0.534733 1.849700
0.554487 1.752764
-6.022645 0.297998
-6.196445 0.366492
-0.581045 5.885717
-0.694983 5.958968
-0.569894 5.932620
2.513582 -0.423106
-1.094019 1.407049
-4.285603 1.752421
-4.235237 1.496286
-0.974675 2.879811
1.196802 4.314834
1.066901 4.322269
0.761868 3.739254
1.111872 4.449098
1.109826 4.389526
4.206502 -0.071675
4.573366 -0.082246
4.079064 -0.251216
4.421806 -0.105568
-0.997288 3.686571
0.898191 -3.579374
-0.725771 3.723534
-3.276572 2.668645
-2.467484 -1.552987
-3.020046 -1.225405
3.057996 -3.976718
-0.469403 1.719091
-4.102630 2.822064
4.160794 -0.297018
-3.345349 -4.516851
-3.354067 -4.361355
-2.182014 4.954657
-2.290425 4.952113
6.653554 -2.710263
-3.305527 4.349889
-2.798419 0.659393
-1.311085 -0.894695
-5.182132 1.323503
-5.444245 1.464428
-4.225615 3.667046
-1.539279 5.314508
6.692939 -1.737499
1.806851 -3.357868
-1.327494 1.356684
-0.912775 3.005122
-5.397943 1.891689
-4.487441 3.646671
0.027944 3.263375
6.639166 -1.299127
4.487508 -0.208479
5.917311 -3.132805
3.859989 1.833762
3.815079 1.925994
-1.526039 5.698123
4.082946 -0.192427
3.890282 -0.138946
4.336261 -1.602293
-2.591542 2.305658
-0.218658 6.090330
-4.041189 -2.011151
-5.371300 -2.469924
-5.398469 -2.427711
-0.515443 1.247395
-0.585432 1.081074
-0.310971 1.385333
-0.401785 1.252923
-0.400583 1.265735
-0.401819 3.182908
0.979015 7.148443
-2.658002 3.591505
-2.714664 3.550555
-1.578569 5.400864
-1.498435 5.473495
-1.300971 5.397796
-1.438255 5.533306
-1.132951 5.314165
-1.290305 5.623182
-1.371944 5.484209
-1.581801 5.742972
-1.551125 5.844311
-1.166739 5.214980
-1.430498 5.510633
-1.560527 5.250207
0.469420 -7.345952
0.414900 -7.682458
-1.860982 2.091815
-1.976237 2.076224
6.369329 -1.813023
-1.867861 5.332912
-0.033703 5.599051
-0.030232 5.406352
-1.909126 2.561933
0.479288 7.094981
-0.594412 4.671785
0.699372 5.363077
7.490807 -1.530782
0.399981 -7.694877
-0.976147 3.375102
-0.945950 3.078842
0.795975 6.562106
-2.568658 2.618375
-3.416187 1.228988
-3.232132 1.368024
-2.526264 2.324095
-5.448004 3.431791
-1.719706 1.526931
-0.642506 6.129649
-1.146158 5.685901
-2.105659 -3.122169
-1.401880 5.589664
4.332398 1.392933
-1.649411 -0.052941
-1.270968 4.345867
-3.181198 -3.229710
-3.252060 -3.420117
2.469283 -2.953535
-4.317066 3.429601
0.477932 6.547430
0.875433 6.476893
0.424389 6.504524
0.688313 6.642817
0.745114 6.621411
0.561621 6.348315
0.813489 6.444101
-5.404449 0.167626
-1.076277 4.945204
-2.202640 -2.442545
4.313555 0.908915
-3.061819 1.264795
0.812560 6.586402
0.419508 2.381650
-2.903096 0.971855
2.191529 1.504436
2.278779 1.358666
5.165535 -0.656426
5.511808 -0.584807
-3.103877 -1.378615
-2.973863 -1.346100
-2.757479 -1.524325
-0.289262 5.099843
-2.517056 3.906536
-1.381651 1.181211
2.116563 2.573372
-0.837358 6.178079
2.170931 -4.568208
1.270909 3.185173
1.207331 3.475298
1.220968 3.481357
1.134616 3.479501
0.949925 4.327968
-2.885868 1.403875
2.758513 3.521170
-1.221849 1.876529
-2.215490 -2.966525
0.977018 7.309755
1.163455 7.383290
-3.852447 -2.569335
-2.200010 -2.549456
4.008673 -0.152359
-3.937600 -1.785526
-3.810124 -1.749460
-3.650307 -1.807841
0.361895 0.958964
-3.354693 4.045687
-3.447220 4.062869
-1.741052 -0.366089
-3.121162 -0.226551
-3.129877 -0.205386
-0.303787 1.966134
6.702987 -1.649846
6.745685 -1.624936
-3.216355 3.188689
-3.115378 3.061065
-3.188374 3.146796
-3.065319 2.971814
-0.871506 3.029924
-0.100731 3.428697
1.098754 4.144938
6.775608 -1.663398
-4.181599 2.392843
-4.058762 2.324586
-1.851121 -0.685255
-1.088957 4.362484
-1.020151 4.440579
-6.378514 2.076064
-0.714013 3.917570
-0.607055 4.122301
-5.561292 2.039869
-5.309352 1.941392
-1.316252 2.654417
1.324467 -0.388868
1.416397 -0.168856
-2.230425 0.564182
-2.812022 0.819584
-2.596556 0.628853
-2.491777 0.434632
-2.808461 0.696427
-0.816826 -1.909500
4.558715 -0.398427
-0.128330 6.134438
-1.269242 5.711727
-0.193299 -0.629984
-3.750923 -2.941545
-2.288975 -0.523109
-2.218986 -0.198584
-0.716144 2.212089
-0.698123 2.543948
-0.944306 2.399205
-1.367258 1.115071
-0.158182 6.103203
-0.246386 3.351609
-0.203730 3.451021
-0.291342 3.215395
-0.136400 3.414953
4.058125 -0.177948
-2.400515 -2.387372
-0.804949 2.899943
-0.131962 3.600033
2.268957 -0.040030
-1.700497 6.099920
-3.446633 -1.155818
-3.831141 -1.280514
-1.297270 1.724619
-1.363694 1.610293
-1.715624 2.305167
-0.004751 2.597131
-4.818710 -0.924086
-4.703086 -1.093591
-4.513122 -1.116322
-0.510328 2.122220
0.345995 -0.073511
-4.538668 3.478162
-3.013646 1.993455
-1.065333 -3.292842
-0.893764 4.783924
-1.504287 5.673862
-1.850639 2.290921
-0.760606 3.409674
-2.777913 -1.645802
-0.766120 6.159530
0.279483 -0.262985
0.882450 6.480404
-0.950719 -1.231413
-1.569977 4.485789
-1.402006 4.573539
-1.627457 4.504474
-1.636082 4.446662
0.331934 -7.200438
1.156464 -5.674394
-1.040925 2.366308
0.736219 0.347445
0.765299 0.357117
0.673720 0.324664
0.955003 0.418202
0.656962 0.482938
0.289020 0.505383
0.770123 0.648118
0.848498 0.122823
4.246274 1.004349
4.260662 0.953232
-1.403682 0.024537
-1.477338 -0.262565
-1.488911 0.078968
-1.436339 -0.381716
-0.295860 1.683891
-5.463886 2.360606
-5.459953 2.464883
-1.095241 -0.881000
-1.821261 1.887825
-2.238362 1.908223
-1.891739 1.929967
-1.960527 1.945193
-3.382262 1.565542
-1.446153 1.285704
-1.287920 1.349448
-0.288828 -3.674798
0.075897 -3.364476
0.177485 -3.536355
0.097324 -3.308048
-0.343589 -3.640273
-0.290128 -3.569400
-0.083410 -3.562656
-0.209805 -3.573790
-1.760447 -0.578246
-0.591095 -0.376952
-1.363085 0.260027
0.320706 2.752416
0.720155 2.529477
0.515189 2.596197
0.587731 2.541956
0.460864 2.569450
0.370539 2.602572
0.521454 2.615993
0.702531 2.503201
0.603317 2.097592
0.590590 2.653665
0.703636 2.395761
0.515369 2.107551
0.652386 2.563976
-5.270082 3.260719
-5.422827 3.351725
-5.069985 3.141544
-2.511237 -0.857112
2.761527 3.166527
2.718930 3.390273
0.493160 3.405855
0.577476 3.356205
0.786964 3.337204
0.539354 3.441702
-1.394751 0.880353
-0.329099 1.211910
0.784392 7.019801
4.340781 -0.644142
4.342239 -0.570218
4.422747 -0.596007
-0.411563 -1.146290
-0.920724 -1.242343
-0.660322 -1.388453
-0.706978 -1.539178
-0.641793 -1.488389
-0.843460 -1.006082
-0.601369 -0.283089
-0.673239 -0.631635
-2.747665 -2.281123
0.365960 -3.180316
-1.498795 6.159675
1.477067 0.196071
4.458200 -1.569013
4.245145 -1.529913
4.444929 -1.557366
-5.463355 3.413639
-0.972989 -1.157640
-1.422589 2.491318
-1.358762 2.564740
-1.409443 2.521025
-5.243461 -0.207996
-5.606402 0.143462
-5.482505 -0.040932
-5.439663 0.109697
-5.867048 0.318867
4.130445 -3.921913
4.174912 -3.966691
4.360377 0.941971
4.294960 1.026147
-0.255315 6.108795
-3.719602 0.198848
1.317532 -0.398884
-1.390893 1.739305
-1.487619 1.798228
1.315514 2.966458
0.121504 5.889800
-0.902457 -0.304784
-0.420121 -0.539954
-1.396087 1.697281
-3.063352 -3.977118
-3.049454 0.280345
-3.014305 0.220551
-3.077995 0.273070
-3.078863 0.313666
-3.046206 0.275450
-2.930982 0.254033
-2.385955 0.313771
-3.044245 0.423489
-3.030218 0.311508
-3.054834 0.302050
-3.018613 0.210911
-0.811410 -2.350837
-1.176408 -1.058473
-0.773056 -0.990664
-1.577468 1.304301
-1.878398 -1.433486
-1.949381 -0.887576
-2.079576 -1.257290
-2.064967 -1.320058
-1.972307 -0.767945
-1.883391 -1.365799
-1.946396 -0.956607
-2.134237 -0.866119
-1.918847 -1.225605
-1.825024 -0.915212
-1.922667 -0.845204
-1.922086 -1.171351
-1.547113 -1.386219
-1.751776 -1.396656
-1.974311 -1.231435
-2.009345 -1.206890
-2.004665 -1.035959
-0.038021 -0.252115
3.949981 -3.309626
-1.903176 0.701369
0.704013 1.970128
2.492638 3.442189
2.906054 3.729833
-3.552099 1.137167
-2.311435 2.580571
-2.467917 2.570046
